1 0.6704890569051107 0.11215034156807727 0.009564208984375 0.020394658569201352
2 0.8207962579252773 0.7670665265706827 0.07675228118896472 0.3120331769126538
2 0.5511306080580979 0.33650592563342285 0.12448392577195716 0.3862953354092797
1 0.7293314933776855 0.09118817212694667 0.012177848815917968 0.027298310100046512
1 0.3962905089060466 0.40355378711368173 0.009468428293863932 0.020989095231532525
1 0.6947571436564128 0.2240600754171117 0.017351913452148437 0.03816769903786522
1 0.23436360359191893 0.25178889534307813 0.013295936584472656 0.029886870294842202
1 0.3711344559987386 0.7526286839124517 0.009975337982177734 0.021213586170066148
1 0.35552474657694494 0.6675919066979052 0.008453655242919921 0.019370418662141675
1 0.13565117915471395 0.791778564453125 0.010436558723449707 0.020868572668308983
1 0.45649871826171873 0.0823889020522348 0.008514595031738282 0.018506530627131857
1 0.713251781463623 0.05515724190540587 0.009018135070800782 0.017837036536573182
1 0.404975446065267 0.7816053430458413 0.013025856018066407 0.030984392765469954
1 0.6347849527994791 0.25106681983552404 0.01376469930013021 0.030505027897171307
1 0.8820756594340007 0.8579612319761232 0.008030509948730469 0.01818820738871279
1 0.14241283734639487 0.4744455491037589 0.014506308237711589 0.0296808514074559
1 0.4183833440144857 0.05878506947510034 0.007321548461914062 0.016142225843805987
1 0.17804694970448812 0.9876889667279666 0.00861970583597819 0.01881181576023291
1 0.40235608418782554 0.8746895753298993 0.010360527038574218 0.02300668735356946
1 0.363660192489624 0.9354781683908144 0.011104106903076172 0.022687716415724916
1 0.559292221069336 0.009058941816941906 0.009244918823242188 0.01811788363388381
1 0.8264535903930664 0.23086727861532697 0.0130859375 0.027882804155612596
1 0.5675643285115559 0.5604280347729467 0.009122212727864584 0.01990459404286108
1 0.21446638107299804 0.7574594785780734 0.010435962677001953 0.02059098720024807
1 0.26008405685424807 0.27255122007056654 0.010114479064941406 0.022874842667921374
1 0.8953466097513835 0.7774239301418652 0.018678855895996094 0.039965645349538316
1 0.9584171295166015 0.3162662796306505 0.010052108764648437 0.02245999539174476
1 0.2518170356750488 0.6978075727738251 0.010836982727050781 0.023992065295100607
1 0.4882345199584961 0.07070265058120004 0.0122222900390625 0.025872614312723953
1 0.6943851153055828 0.4104997493992041 0.007004737854003906 0.017253299532283627
1 0.44820871353149416 0.3544919183262128 0.010426712036132813 0.021551331979568635
1 0.07319979667663574 0.6158061337707587 0.011781597137451172 0.027263199744177232
1 0.6969849268595376 0.811823498979293 0.009703699747721355 0.021366611468095365
1 0.170973547299703 0.5632297301371278 0.008745177586873373 0.019062618436466373
1 0.40396738052368164 0.5484352322108428 0.011138343811035156 0.023791799997415933
1 0.21555816332499186 0.8790221293153943 0.009447860717773437 0.021420311638643882
1 0.09085131883621216 0.308864084599168 0.008315443992614746 0.01962731139531078
1 0.12179651260375976 0.3039463299769157 0.00869889259338379 0.01818921679041483
1 0.03643229504426321 0.5307258513428542 0.007959506909052531 0.01631495971006753
1 0.15933358669281003 0.3791353505396396 0.008606576919555664 0.018686380775392777
1 0.4767942428588867 0.3259305102296806 0.010749244689941406 0.02226366676069804
1 0.12204310894012452 0.11752173813858789 0.010077810287475586 0.021059803820760406
1 0.5515450477600098 0.0699859312114274 0.011620140075683594 0.025367547553587118
1 0.3793208599090576 0.7149673680617764 0.012099742889404297 0.02622856299958655
1 0.3441526730855306 0.61501001864836 0.009301312764485677 0.020345366119418413
1 0.709464168548584 0.8486803216734429 0.009070777893066406 0.020536479508337927
1 0.03999427556991577 0.2566761660339288 0.00973215103149414 0.019019146869831863
1 0.8691970825195312 0.17216481605201728 0.011574172973632812 0.026494775875137818
1 0.6826445579528808 0.07722371783777003 0.011902427673339844 0.02649427958596765
1 0.917747688293457 0.11961195671308658 0.009524917602539063 0.02106071228229224
1 0.2843875249226888 0.7459431136193322 0.009310531616210937 0.018937789092647463
1 0.8708433787027995 0.5409703701570252 0.0111114501953125 0.02279249231239664
1 0.9097368876139323 0.24087133270902958 0.00904693603515625 0.018986391784600674
1 0.2976495742797851 0.648838838116731 0.00932140350341797 0.017812037021085997
1 0.8535327911376953 0.5114430319250879 0.008480072021484375 0.01885935858039898
1 0.2190570831298828 0.954695561754927 0.008362007141113282 0.018662222427990628
1 0.8310098648071289 0.5276234047415501 0.010602569580078125 0.024343438027580624
1 0.3099054336547851 0.7225819916814534 0.013707733154296875 0.029852516990249447
2 0.9904768982359208 0.9927299116011805 0.01904620352815448 0.014540176797637784
1 0.06629017591476441 0.7192135845550233 0.008325886726379395 0.017919841122863836
1 0.9151965141296386 0.193092640600236 0.01003856658935547 0.02214405265900634
1 0.16169671217600512 0.7815700497447123 0.009101533889770511 0.023536013382680833
2 0.9901474729686047 0.5157424639024353 0.019705054062790273 0.15679959102357924
2 0.9234382629394524 0.9376392560921155 0.0743896484374999 0.12472148781576936
1 0.06786160506741051 0.2105997210599721 0.010541608554160841 0.022315202231520212
1 0.12155792364016736 0.10111576011157603 0.008565056950255698 0.02092050209205022
1 0.172618840074384 0.44490934449093444 0.010541608554160859 0.025104602510460268
1 0.123205049976755 0.4609483960948396 0.010541608554160841 0.023709902370990223
1 0.010212183286843328 0.46792189679218965 0.007247355880985589 0.015341701534170155
1 0.03854275627615063 0.6450488145048814 0.01120045908879591 0.023709902370990223
1 0.030307124593212463 0.7377963737796374 0.011859309623430963 0.027894002789400362
1 0.020753791841004184 0.7608089260808926 0.009882758019525803 0.023709902370990223
1 0.03755448047419804 0.8605299860529986 0.010541608554160855 0.022315202231520174
1 0.0283305729893073 0.9574616457461644 0.010541608554160855 0.02092050209205027
1 0.06357907659228265 0.8207810320781032 0.009882758019525806 0.02092050209205013
1 0.11529884356113435 0.7092050209205021 0.009223907484890735 0.02092050209205027
1 0.1281464289865179 0.6645746164574616 0.009882758019525824 0.02092050209205013
1 0.3495202086238959 0.822175732217573 0.00856505695025561 0.018131101813110177
1 0.3610500929800093 0.8877266387726638 0.010541608554160859 0.023709902370990223
1 0.48754939562993954 0.806136680613668 0.013177010692701075 0.027894002789400362
1 0.4915024988377499 0.7894002789400278 0.009223907484890787 0.019525801952580225
1 0.5389397373314737 0.5550906555090656 0.010541608554160859 0.025104602510460268
1 0.3254721641097164 0.6450488145048814 0.009223907484890787 0.02092050209205027
1 0.6763100738028824 0.6569037656903766 0.009882758019525966 0.022315202231520316
1 0.6117427214086472 0.22315202231520226 0.009882758019525753 0.019525801952580187
1 0.5863769758251977 0.2796373779637378 0.010541608554160859 0.020920502092050198
1 0.8433286843328685 0.4923291492329149 0.009223907484890787 0.019525801952580225
1 0.9108608641329613 0.34658298465829845 0.008565056950255752 0.018131101813110177
1 0.8990015545095303 0.587866108786611 0.011200459088795895 0.023709902370990223
1 0.9158022431427242 0.6534170153417014 0.009223907484890645 0.023709902370990223
1 0.9167905189446769 0.698047419804742 0.009882758019525682 0.02092050209205027
1 0.9210730474198047 0.7161785216178522 0.010541608554160859 0.023709902370990223
1 0.8446463854021385 0.793584379358438 0.009223907484890787 0.019525801952580083
1 0.9283204033007904 0.18270571827057186 0.009223907484890787 0.022315202231520247
1 0.8914247733612274 0.20850767085076707 0.006588505346350502 0.015341701534170155
1 0.9974321536494654 0.26220362622036264 0.0051356927010692745 0.022315202231520212
1 0.873635808926081 0.060669456066945605 0.014494711761971217 0.0292887029288703
1 0.929967529637378 0.038354253835425386 0.009882758019525824 0.02092050209205021
1 0.9484153446071594 0.05369595536959554 0.008565056950255752 0.018131101813110177
1 0.9533567236169225 0.1297071129707113 0.010541608554160859 0.02231520223152023
1 0.9279909780334727 0.0041841004184100415 0.00856505695025561 0.008368200836820083
