2 0.5367185499988449 0.5450328993794624 0.0978858762428075 0.13485160640949015
1 0.19569462935129803 0.4798274770986942 0.008258485794067382 0.02012100976777839
1 0.18548680941263837 0.5295778587871245 0.009503650665283202 0.02259202513437155
1 0.14391533533732095 0.9685665776795395 0.006285667419433594 0.014290705536797132
1 0.22017923990885419 0.9261473599973297 0.012820911407470704 0.02693992202573732
1 0.25223169326782224 0.9463413495081656 0.016317081451416016 0.033084957707414556
1 0.4856482346852621 0.4163691679461394 0.009754467010498046 0.017322847309554162
1 0.2422203540802002 0.21777974626063779 0.007974529266357422 0.01607179484004617
1 0.4470928192138672 0.4385651543227157 0.010313034057617188 0.022266594025633957
1 0.16401679515838624 0.8315380563283834 0.011213541030883789 0.023321620684605842
1 0.19897286145978613 0.3158995815899582 0.009223907484890752 0.018131101813110215
1 0.22598573337982333 0.3417015341701534 0.013177010692701075 0.02789400278940022
1 0.2625519380520688 0.24337517433751743 0.009882758019525824 0.020920502092050198
1 0.1620772315202232 0.9693165969316597 0.006588505346350537 0.013947001394700181
1 0.47239583333333335 0.4609483960948396 0.010541608554160859 0.023709902370990223
1 0.4799726144816364 0.44490934449093444 0.009882758019525753 0.022315202231520247
1 0.47404295966992094 0.6052998605299861 0.011200459088795895 0.022315202231520316
1 0.4569128457694096 0.4574616457461646 0.007247355880985609 0.019525801952580225
