2 0.6772022277241464 0.4378918118001795 0.38381929069494203 0.18886522152711344
2 0.11366973087323202 0.19991388006643335 0.03965272575353595 0.31304005238866733
1 0.005929654811715482 0.892608089260809 0.007906206415620641 0.019525801952580225
1 0.027671722454672247 0.8514644351464434 0.009223907484890747 0.023709902370990223
1 0.11463999302649931 0.7398884239888425 0.010541608554160841 0.023709902370990223
1 0.13012298059042307 0.8556485355648537 0.011200459088795932 0.023709902370990223
1 0.1314406816596932 0.9198047419804743 0.008565056950255698 0.02092050209205027
1 0.16174780625290563 0.910739191073919 0.007247355880985609 0.01673640167364013
1 0.20885561947931194 0.9470013947001393 0.010541608554160859 0.025104602510460126
1 0.2289505607856811 0.9672245467224546 0.007247355880985573 0.015341701534170226
1 0.24970435262668528 0.9490934449093444 0.009223907484890787 0.02092050209205013
1 0.2997769932589493 0.992329149232915 0.01317701069270111 0.015341701534170084
1 0.22071492910274293 0.806136680613668 0.010541608554160824 0.022315202231520316
1 0.25563400743840076 0.793584379358438 0.011859309623430967 0.025104602510460268
1 0.31262457868433285 0.7733612273361227 0.011200459088795895 0.023709902370990223
1 0.3482025075546258 0.7601115760111576 0.01383586122733611 0.02789400278940022
1 0.3930043439098094 0.7001394700139469 0.011200459088795895 0.025104602510460268
1 0.47634893654114363 0.709902370990237 0.01581241283124129 0.03347280334728026
1 0.461524799511855 0.7489539748953975 0.007247355880985609 0.016736401673640273
1 0.4641602016503952 0.7845188284518829 0.01383586122733618 0.034867503486750454
1 0.4789843386796839 0.7866108786610879 0.011859309623430932 0.027894002789400362
1 0.493479050441655 0.6673640167364016 0.009223907484890716 0.02092050209205027
1 0.5092914632728963 0.6952580195258019 0.010541608554160859 0.02092050209205027
1 0.5356454846582984 0.689679218967922 0.011859309623430932 0.023709902370990223
1 0.5718822640632264 0.7370990237099023 0.013177010692701075 0.026499302649930313
1 0.5613406555090655 0.7921896792189679 0.010541608554160859 0.025104602510460268
1 0.5804473210134821 0.8661087866108786 0.010541608554160859 0.022315202231520316
1 0.5834121484193399 0.9184100418410043 0.011200459088795967 0.023709902370990223
1 0.6054836413296141 0.9860529986052998 0.009223907484890716 0.019525801952580225
1 0.9059194851231984 0.9330543933054394 0.014494711761971217 0.030683403068340453
1 0.9395208623895863 0.906555090655509 0.011859309623431074 0.025104602510460268
1 0.9372148855183636 0.9407252440725244 0.01251816015806611 0.029288702928870265
1 0.8028093764528126 0.9205020920502092 0.009882758019525824 0.022315202231520174
1 0.8182923640167364 0.8905160390516039 0.009223907484890787 0.02092050209205013
1 0.812362709205021 0.8437935843793585 0.013177010692701004 0.02789400278940022
1 0.8255397198977221 0.8319386331938634 0.011859309623431074 0.02649930264993017
1 0.8617764993026501 0.9218967921896792 0.011859309623431074 0.025104602510460268
1 0.843658109600186 0.7691771269177127 0.011200459088796038 0.023709902370990223
1 0.8594705224314274 0.6868898186889818 0.011200459088795895 0.023709902370990223
1 0.8611176487680149 0.7119944211994422 0.01581241283124143 0.032078103207810356
1 0.8976838534402602 0.7329149232914923 0.011200459088795895 0.02370990237099008
1 0.9006486808461182 0.7887029288702929 0.009223907484890645 0.02092050209205013
1 0.9398502876569037 0.8068340306834031 0.011200459088795895 0.023709902370990365
1 0.9688397111808462 0.8186889818688983 0.00856505695025561 0.019525801952580225
1 0.9391914371222688 0.7001394700139469 0.015153562296606112 0.03347280334728026
1 0.9843226987447699 0.6659693165969317 0.010541608554160859 0.023709902370990223
1 0.9190964958158996 0.5822873082287309 0.009223907484890787 0.020920502092050198
1 0.852552591817759 0.5488145048814504 0.01449471176197122 0.02928870292887035
1 0.9270027022315201 0.5181311018131103 0.010541608554160859 0.023709902370990223
1 0.9951261767782427 0.4616457461645746 0.009747646443514668 0.02789400278940029
1 0.9652160332403534 0.40237099023709905 0.013177010692701004 0.02649930264993017
1 0.9309558054393305 0.33891213389121333 0.011859309623430932 0.025104602510460195
1 0.9928877556950256 0.3096234309623431 0.010541608554160859 0.022315202231520247
1 0.9912406293584379 0.04881450488145049 0.009882758019525682 0.022315202231520215
1 0.5356454846582984 0.5550906555090656 0.011859309623430932 0.025104602510460268
1 0.5544227248953975 0.26429567642956764 0.012518160158066038 0.029288702928870265
1 0.7830438604137611 0.2384937238493724 0.016471263365876326 0.03626220362622039
1 0.8360813284518828 0.32914923291492326 0.010541608554160859 0.022315202231520212
1 0.7866675383542538 0.11715481171548117 0.010541608554160859 0.02231520223152023
1 0.5735293903998141 0.12064156206415622 0.012518160158066038 0.02649930264993026
1 0.5376220362622037 0.11087866108786609 0.013177010692701075 0.02649930264993026
1 0.5297158298465829 0.17782426778242677 0.011859309623431003 0.023709902370990223
1 0.5244450255695026 0.2377963737796374 0.014494711761971146 0.03207810320781032
1 0.44637123721524874 0.3417015341701534 0.012518160158065967 0.025104602510460268
1 0.4483477888191538 0.23709902370990235 0.009882758019525753 0.022315202231520212
1 0.4042048029986053 0.23988842398884241 0.009882758019525824 0.019525801952580225
1 0.46745445432357047 0.1610878661087866 0.008565056950255752 0.01813110181311016
1 0.4348413528591352 0.05439330543933054 0.011859309623431003 0.02510460251046025
1 0.40025169979079495 0.025801952580195256 0.015153562296606183 0.03207810320781032
1 0.49282019990702 0.007670850767085077 0.011859309623430932 0.015341701534170154
1 0.26189308751743373 0.05439330543933054 0.01383586122733611 0.030683403068340307
1 0.20984389528126454 0.15411436541143655 0.012518160158066038 0.026499302649930244
1 0.17690136854951186 0.18131101813110181 0.011200459088795932 0.025104602510460268
1 0.16306550732217573 0.2105997210599721 0.008565056950255681 0.019525801952580187
1 0.15054734716410972 0.35774058577405854 0.016471263365876343 0.03486750348675038
1 0.16965401266852628 0.3458856345885634 0.016471263365876326 0.03347280334728033
1 0.11431056775918177 0.4881450488145049 0.008565056950255681 0.019525801952580225
1 0.23685676720130172 0.6171548117154813 0.009882758019525824 0.020920502092050198
1 0.2506926284286379 0.6255230125523012 0.011200459088795932 0.026499302649930244
1 0.32415446304044626 0.6429567642956765 0.010541608554160824 0.025104602510460337
1 0.35973239191073914 0.599721059972106 0.014494711761971146 0.03068340306834024
1 0.36368549511854953 0.5090655509065551 0.010541608554160859 0.022315202231520174
1 0.3116363028823803 0.4414225941422595 0.011859309623430967 0.023709902370990292
1 0.2790232014179452 0.40376569037656906 0.009882758019525824 0.020920502092050198
1 0.2473983757554626 0.3947001394700139 0.013835861227336146 0.030683403068340383
1 0.23685676720130172 0.4483960948396094 0.011200459088795895 0.023709902370990292
1 0.561011230241748 0.5104602510460251 0.012518160158065967 0.025104602510460195
1 0.5168682444211994 0.5167364016736402 0.011200459088795824 0.015341701534170084
