2 0.47098542308319546 0.513249651324965 0.08282974900228127 0.06973500697349995
2 0.2117277377043024 0.49999999999999983 0.4234554754086048 0.9999999999999997
1 0.12485217631334264 0.5202231520223153 0.008565056950255681 0.019525801952580225
1 0.1330878079962808 0.6248256624825662 0.010541608554160859 0.022315202231520174
1 0.15680642724314273 0.5627615062761506 0.00922390748489077 0.020920502092050198
1 0.18184274755927476 0.597629009762901 0.009223907484890752 0.020920502092050198
1 0.20687906787540677 0.6101813110181311 0.009223907484890752 0.02092050209205027
1 0.18184274755927476 0.7099023709902371 0.007906206415620644 0.01673640167364013
1 0.20457309100418414 0.7573221757322176 0.011200459088795932 0.022315202231520174
1 0.26288136331938633 0.8068340306834031 0.009223907484890752 0.02092050209205013
1 0.3538027370990237 0.9379358437935843 0.009223907484890787 0.02092050209205027
1 0.4084873314737332 0.9539748953974896 0.011859309623430932 0.02510460251046041
1 0.2513514789632729 0.7426778242677824 0.012518160158066003 0.023709902370990223
1 0.26584619072524407 0.6666666666666667 0.009882758019525753 0.022315202231520174
1 0.320201359832636 0.6052998605299861 0.009223907484890787 0.019525801952580153
1 0.35643813923756396 0.5725244072524407 0.009223907484890716 0.020920502092050198
1 0.2325742387261739 0.45467224546722457 0.010541608554160859 0.025104602510460268
1 0.22433860704323572 0.4100418410041841 0.008565056950255681 0.019525801952580153
1 0.2174206764295676 0.3849372384937238 0.011859309623430967 0.025104602510460268
1 0.2404804451417945 0.3451882845188284 0.009223907484890716 0.020920502092050198
1 0.24970435262668528 0.3842398884239888 0.017130113900511362 0.032078103207810356
1 0.3093303260111576 0.30474198047419804 0.015153562296606254 0.032078103207810356
1 0.41079330834495587 0.36610878661087864 0.011200459088795895 0.026499302649930244
1 0.4081579062064156 0.4198047419804742 0.009882758019525753 0.022315202231520247
1 0.43846503079962806 0.4323570432357043 0.009882758019525824 0.019525801952580225
1 0.5112680148768015 0.27894002789400285 0.011859309623431003 0.027894002789400255
1 0.5270804277080428 0.16178521617852162 0.011859309623430932 0.025104602510460268
1 0.58472984948861 0.12691771269177127 0.009882758019525753 0.02231520223152023
1 0.5389397373314737 0.4421199442119944 0.007906206415620716 0.019525801952580225
1 0.5504696216875871 0.8040446304044631 0.011200459088795967 0.023709902370990223
1 0.6960755898419339 0.8605299860529985 0.013835861227336039 0.03068340306834031
1 0.7418657019990701 0.8423988842398884 0.007906206415620573 0.01673640167364013
1 0.7787613319386333 0.797768479776848 0.010541608554160859 0.022315202231520174
1 0.7991856985123198 0.8444909344490934 0.010541608554160859 0.026499302649930313
1 0.8090684565318456 0.9386331938633193 0.009223907484890787 0.022315202231520174
1 0.8403638569270107 0.9470013947001393 0.011200459088795895 0.025104602510460126
1 0.8947190260344026 0.9539748953974896 0.011859309623430932 0.02510460251046041
1 0.8950484513017202 0.8772663877266388 0.011200459088795895 0.022315202231520316
1 0.9335912075778708 0.9846582984658298 0.010541608554160859 0.025104602510460126
1 0.8024799511854951 0.687587168758717 0.011859309623430932 0.02510460251046041
1 0.8515643160158066 0.6506276150627616 0.011200459088796038 0.02649930264993017
1 0.8209277661552765 0.5446304044630403 0.010541608554160859 0.023709902370990292
1 0.8255397198977221 0.5432357043235705 0.009223907484890645 0.023709902370990223
1 0.8815420153417015 0.5034867503486751 0.010541608554160859 0.022315202231520174
1 0.9385325865876336 0.46722454672245467 0.009882758019525966 0.022315202231520174
1 0.961262930032543 0.26569037656903766 0.009223907484890787 0.020920502092050198
1 0.9757576417945143 0.2182705718270572 0.010541608554160718 0.023709902370990223
1 0.8472817875406787 0.199442119944212 0.014494711761971217 0.03347280334728033
1 0.8291633978382148 0.199442119944212 0.012518160158065967 0.025104602510460268
1 0.813680410274291 0.23500697350069735 0.013177010692701004 0.029288702928870335
1 0.8159863871455137 0.03207810320781032 0.00856505695025561 0.02231520223152023
1 0.8894482217573221 0.01603905160390516 0.013177010692701146 0.02370990237099024
1 0.7497719084146908 0.08019525801952579 0.010541608554160859 0.02370990237099024
1 0.721770760692701 0.1506276150627615 0.011200459088795895 0.02510460251046025
1 0.7296769671083218 0.201534170153417 0.011200459088795895 0.023709902370990257
1 0.6967344403765691 0.25732217573221755 0.011200459088796038 0.023709902370990223
1 0.6749923727336123 0.2105997210599721 0.009882758019525966 0.022315202231520212
1 0.6598388104370061 0.19525801952580196 0.00856505695025561 0.019525801952580187
1 0.639085018596002 0.1701534170153417 0.011859309623431003 0.02510460251046025
1 0.6539091556252905 0.09344490934449093 0.013835861227336039 0.022315202231520212
1 0.6581916841004184 0.060669456066945605 0.014494711761971075 0.03207810320781032
1 0.6413909954672247 0.04323570432357043 0.015153562296606112 0.030683403068340304
1 0.6743335221989772 0.028591352859135288 0.009882758019525824 0.02092050209205021
1 0.5817650220827523 0.24825662482566246 0.013177010692701075 0.02789400278940029
1 0.5880241021617852 0.2545327754532775 0.009882758019525753 0.023709902370990184
1 0.609766169804742 0.25592747559274753 0.012518160158065967 0.0292887029288703
1 0.6048247907949791 0.3647140864714086 0.013177010692701146 0.03486750348675038
1 0.5886829526964203 0.5146443514644351 0.008565056950255681 0.022315202231520174
1 0.5817650220827523 0.603905160390516 0.010541608554160859 0.022315202231520174
1 0.6203077783589027 0.5641562064156207 0.011200459088795967 0.023709902370990223
1 0.6743335221989772 0.5502092050209204 0.011200459088796038 0.023709902370990223
1 0.6499560524174802 0.45397489539748953 0.009882758019525682 0.02092050209205027
1 0.6624742125755464 0.39330543933054396 0.009882758019525824 0.022315202231520174
1 0.7227590364946537 0.48256624825662486 0.010541608554160859 0.022315202231520174
1 0.7300063923756391 0.604602510460251 0.010541608554160718 0.020920502092050198
1 0.739889150395165 0.6694560669456067 0.009223907484890787 0.022315202231520174
1 0.7659137465132497 0.6066945606694562 0.00856505695025561 0.019525801952580295
1 0.7398891503951651 0.3340306834030683 0.010541608554161001 0.023709902370990292
1 0.7151822553463506 0.3158995815899582 0.009882758019525824 0.020920502092050198
