2 0.4367812504495702 0.7364577658252648 0.15422876212609096 0.5230834691763709
1 0.530682357152303 0.4854196466448025 0.007003180185953775 0.014646115876085308
1 0.44512033462524414 0.17048336310844042 0.009027671813964844 0.02045483573400462
1 0.05708021521568298 0.08752499446847867 0.009138524532318115 0.020770408352785624
2 0.6149197502171699 0.32432102902354 0.10795065632868388 0.3803519095333374
1 0.06115608811378479 0.1530504153082363 0.009303319454193115 0.02121102901908765
1 0.903935432434082 0.5593620561055076 0.009508132934570312 0.020491628426043965
1 0.7217760721842449 0.35726837864784317 0.009354019165039062 0.020470733810811742
1 0.01758797069390615 0.4123312919641935 0.011968948443730672 0.02579637083749655
1 0.2295790433883667 0.6339176602768398 0.013417959213256836 0.028533498139470783
1 0.07272690931955973 0.8536387720076487 0.01031632423400879 0.021702944115214996
1 0.4288243293762207 0.7166070738332931 0.009149169921875 0.01993709677766676
1 0.6185202280680339 0.24003759213818734 0.010654067993164063 0.021340871724693358
1 0.8533018112182618 0.8897009936819528 0.013153076171875 0.028905630900289414
1 0.5461407661437988 0.5593425746526582 0.00953845977783203 0.02095265583008889
1 0.15969692866007487 0.8024150003014746 0.009748458862304688 0.022264171461549062
1 0.08204495509465534 0.06224960739320799 0.01056516170501709 0.024047923061787227
1 0.9150590896606445 0.3303630454537625 0.01034698486328125 0.02150045813378583
1 0.9328696250915527 0.5311634774507735 0.010552024841308594 0.02246978658825455
1 0.571034049987793 0.9903215200136094 0.008966445922851562 0.019356959972781147
1 0.8468857447306316 0.10758464523029433 0.009285354614257812 0.020226971711450006
1 0.6116873741149903 0.044916066734372845 0.008163261413574218 0.018699191765327833
1 0.00788965125878652 0.10999364127397801 0.008877835671106974 0.018898346721140262
1 0.6125123659769695 0.5742717099426337 0.009125709533691406 0.021779927818357227
1 0.7529589335123699 0.08792173560162496 0.00803845723470052 0.017896868822461585
1 0.2841160933176677 0.7361483505568667 0.009107430775960287 0.02223328376946665
1 0.7723992983500163 0.19281162316638817 0.009574063618977864 0.02071453796857773
1 0.7381733894348145 0.9216463368677646 0.01457042694091797 0.02966671978362734
1 0.8389047622680664 0.25414229017634116 0.008818817138671876 0.020847122882140644
1 0.7073808352152505 0.25659129217414894 0.00931720733642578 0.020647816516072906
1 0.542994213104248 0.45643316266817974 0.00996227264404297 0.021183001298494354
1 0.7855654398600261 0.12430045097376312 0.010333506266276042 0.022520963254547957
1 0.9365977287292481 0.37456069155591065 0.00895519256591797 0.019786998744573455
1 0.544420083363851 0.520442504209878 0.01025689442952474 0.021789348900909597
1 0.15593042373657226 0.23065641459977088 0.009195995330810548 0.020694349934536935
1 0.6012067794799805 0.27617957337031424 0.0111419677734375 0.02327316940290794
1 0.2230406204859416 0.7607352562749793 0.010632658004760742 0.023791598117075523
1 0.21214987215248718 0.6171548117154813 0.011859309623430967 0.023709902370990223
1 0.08565056950255695 0.19735006973500696 0.009223907484890752 0.020920502092050198
1 0.12287562470943747 0.20920502092050206 0.009882758019525806 0.022315202231520212
1 0.024706895048814504 0.34658298465829845 0.008565056950255693 0.018131101813110177
1 0.049084364830311485 0.045327754532775454 0.011200459088795913 0.020920502092050212
1 0.08301516736401673 0.04951185495118549 0.01054160855416085 0.020920502092050205
1 0.39695744711761977 0.31450488145048816 0.009882758019525753 0.020920502092050236
1 0.012847585425383543 0.990934449093445 0.012518160158066016 0.018131101813110177
1 0.9836638482101349 0.4205020920502092 0.010541608554160859 0.020920502092050198
1 0.7402185756624826 0.2873082287308229 0.011200459088795895 0.022315202231520212
1 0.862435349837285 0.2294281729428173 0.011859309623430932 0.02649930264993028
1 0.8611176487680149 0.19107391910739188 0.010541608554160859 0.022315202231520212
1 0.9204141968851697 0.15760111576011154 0.011859309623430932 0.02510460251046025
1 0.8822008658763366 0.10529986052998605 0.007906206415620716 0.018131101813110177
1 0.9447916666666666 0.05299860529986053 0.010541608554161001 0.02231520223152023
1 0.9102020135983264 0.027894002789400282 0.01251816015806611 0.02510460251046025
1 0.8163158124128312 0.004184100418410042 0.007906206415620573 0.008368200836820085
1 0.6133898477452348 0.005578800557880055 0.009223907484890787 0.01115760111576011
1 0.5606818049744305 0.4365411436541144 0.009223907484890787 0.019525801952580225
1 0.5465165184797769 0.4435146443514645 0.009882758019525895 0.019525801952580225
1 0.5738588156671315 0.3716875871687587 0.010541608554160859 0.020920502092050198
1 0.48787882089725715 0.5774058577405858 0.009882758019525753 0.019525801952580225
1 0.4493360646211065 0.6471408647140865 0.011859309623430932 0.022315202231520247
1 0.4546068688981869 0.5885634588563459 0.010541608554160859 0.022315202231520247
