0 0.024048044514179454 0.07112970711297067 0.04809608902835891 0.14225941422594135
1 0.06555562819618782 0.23709902370990235 0.008565056950255698 0.019525801952580187
1 0.029977699325894936 0.899581589958159 0.008565056950255693 0.01673640167364013
1 0.5030323831938633 0.4483960948396095 0.012518160158065967 0.029288702928870265
1 0.732971219781497 0.6262203626220362 0.011200459088795895 0.025104602510460195
1 0.7247355880985589 0.6541143654114365 0.011859309623431074 0.027894002789400362
1 0.6585211093677359 0.8479776847977685 0.011200459088795895 0.025104602510460268
1 0.732312369246862 0.8974895397489538 0.008565056950255752 0.02092050209205013
1 0.7853498372849838 0.8835425383542537 0.009223907484890787 0.02092050209205027
1 0.7705257002556951 0.9832635983263597 0.01251816015806611 0.02789400278940022
2 0.6522620292887034 0.9351464435146426 0.140994014411901 0.12970711297070897
2 0.4941379009762902 0.6708507670850764 0.035577928870293006 0.3877266387726636
