0 0.16601341665206745 0.49999999999999983 0.3320268333041349 0.9999999999999997
2 0.5364022778112465 0.5354879513187705 0.0974204156078438 0.17943961478094025
1 0.7005023638407388 0.351498655342346 0.01388136545817057 0.03189234959645466
1 0.5441976547241211 0.02625525010854433 0.010766983032226562 0.02352423073832755
1 0.7829861640930176 0.17235440692670287 0.013210487365722657 0.02933296111084792
1 0.6646868069966634 0.31022477491687916 0.011102612813313801 0.022237725136955624
1 0.7564612593888016 0.3604210934539088 0.009202067057291667 0.0203831513897981
1 0.6988629976908365 0.19573823199119694 0.013779258728027344 0.031641614213668
1 0.6731313069661458 0.23782518548765677 0.012730026245117187 0.0270818439050441
1 0.5677194277445475 0.016473296984553732 0.012995465596516926 0.028220953725795896
1 0.8009711265563965 0.2141423251689335 0.012412834167480468 0.02703576471734599
1 0.7301063219706218 0.31074207646581276 0.014717292785644532 0.031472102021172135
1 0.6350818316141765 0.06817279550705882 0.014021492004394532 0.02843853026267055
1 0.5692468619246862 0.10320781032078102 0.007906206415620573 0.016736401673640183
1 0.6641213389121339 0.12900976290097627 0.007906206415620573 0.018131101813110194
1 0.6301905363784286 0.03626220362622036 0.009882758019525895 0.02231520223152022
1 0.7270415649697816 0.0041841004184100415 0.011200459088795895 0.008368200836820083
