0 0.8258691451650395 0.8444909344490935 0.3472142317526732 0.3110181311018131
1 0.1943609077173408 0.9686192468619247 0.009223907484890752 0.01813110181311032
1 0.4081579062064156 0.4442119944211994 0.009882758019525753 0.020920502092050198
1 0.34655538121803814 0.18061366806136683 0.011859309623430932 0.023709902370990257
1 0.8525525918177591 0.19595536959553694 0.010541608554160859 0.023709902370990223
1 0.8703415562529057 0.30613668061366806 0.009223907484890787 0.020920502092050198
1 0.9154728178754067 0.4239888423988843 0.009882758019525824 0.022315202231520247
1 0.9434739655973965 0.4721059972105997 0.010541608554160859 0.023709902370990223
1 0.9813578713389123 0.5418410041841004 0.011200459088795895 0.02370990237099015
2 0.5122562906787526 0.435146443514644 0.05073149116689921 0.18967921896792103
