2 0.7435196948794086 0.7362960021869134 0.5129606102411828 0.5274079956261732
1 0.49399652481079104 0.9300526342423511 0.009309768676757812 0.019704328745176407
2 0.3577410830170096 0.9452836114957975 0.2204408381163714 0.10943277700840447
1 0.61741730372111 0.9142615203689188 0.010968208312988281 0.023550351110288036
1 0.04535464445749919 0.9176732308283663 0.010995125770568848 0.02348817196544239
1 0.5370364983876548 0.25772792896073077 0.010574881235758464 0.020999290188723124
1 0.09409465392430624 0.8537768581604879 0.010298959414164225 0.021203492153045754
1 0.28157045046488444 0.7485377470477019 0.011812814076741536 0.025954745964546583
1 0.31647965113321935 0.3266454021617885 0.010203806559244792 0.02316324555755582
1 0.0649794081846873 0.27663400601657245 0.009777422746022542 0.021779053003548786
1 0.194136373202006 0.32388864199670964 0.009077692031860351 0.01914370703986356
1 0.3435865879058838 0.7524885789562086 0.00890493392944336 0.01998978754651323
1 0.30843509038289385 0.1546578538720111 0.012669181823730469 0.028078123384957278
1 0.5017190933227539 0.19535359947263473 0.010314750671386718 0.02316990760878928
1 0.3686987400054932 0.3445440794956329 0.011134052276611328 0.023206447950403115
1 0.1531200965245565 0.2685579848788933 0.009910249710083007 0.02077459736984909
1 0.7294843355814615 0.41230304833205983 0.008900896708170573 0.01813581944037693
1 0.07927790880203246 0.8875507661762678 0.010797762870788574 0.023442345128169794
1 0.8268356323242188 0.46210611799717477 0.010517501831054687 0.020559897627825244
1 0.3911789894104004 0.36586557070764714 0.010924530029296876 0.0232823549583965
1 0.8416070938110352 0.42703072107350803 0.009952545166015625 0.019461466695665657
1 0.18731384608757767 0.27536976120413403 0.00909434954325358 0.022394939452048304
1 0.003689249853293101 0.06673122477505147 0.007378499706586202 0.022487085209923253
1 0.47869138717651366 0.4379164118488148 0.008525466918945313 0.017505044316772328
1 0.7722892761230469 0.5184325498940532 0.009737014770507812 0.019909035410350055
1 0.6914093017578125 0.1736395182919739 0.0074310302734375 0.01591338606627274
1 0.23379940986633302 0.2906293437919911 0.010453128814697265 0.024122513641727537
1 0.3163797855377197 0.7674375826363528 0.01004648208618164 0.022761402739973815
2 0.4565352053267629 0.7783388384938367 0.9130704106535258 0.4433223230123243
1 0.45406931241353354 0.3908615869355964 0.009888935089111327 0.023454962649445285
1 0.02635402138540214 0.3193863319386332 0.011859309623430963 0.025104602510460233
1 0.024377469781496977 0.34449093444909346 0.01185930962343096 0.025104602510460268
1 0.10014528126452812 0.3075313807531381 0.01185930962343095 0.023709902370990223
1 0.25233975476522547 0.3054393305439331 0.010541608554160824 0.022315202231520212
1 0.4186995147605765 0.26220362622036264 0.012518160158066038 0.02789400278940029
1 0.6868516823570432 0.1192468619246862 0.011200459088795753 0.02370990237099024
1 0.7346183461180845 0.44072524407252445 0.011859309623431074 0.025104602510460268
1 0.8878010954207346 0.35495118549511856 0.012518160158065967 0.026499302649930313
1 0.8887893712226871 0.061366806136680614 0.013177010692701004 0.02789400278940029
1 0.8133509850069734 0.6115760111576012 0.011200459088795895 0.023709902370990292
1 0.8759417857973036 0.5453277545327755 0.009882758019525824 0.019525801952580225
1 0.7550427126917713 0.50278940027894 0.010541608554160859 0.023709902370990223
1 0.512256290678754 0.7677824267782427 0.009882758019525895 0.023709902370990223
1 0.5550815754300324 0.8472803347280333 0.009882758019525753 0.02092050209205027
1 0.5669408850534635 0.8396094839609484 0.008565056950255752 0.019525801952580225
1 0.5626583565783356 0.8556485355648537 0.009223907484890787 0.018131101813110177
1 0.012847585425383543 0.9930264993026499 0.008565056950255695 0.013947001394700181
