2 0.5128067903993074 0.6156647376391026 0.1309150563235173 0.27794528898352155
1 0.06654390399814039 0.9602510460251046 0.01054160855416085 0.02092050209205027
1 0.09652160332403532 0.9755927475592747 0.009882758019525806 0.02092050209205027
1 0.17951532880674737 0.8885890421133419 0.008696707102601947 0.020949069004328892
1 0.191060957201581 0.911125161799817 0.008396820650788079 0.01777496764003672
1 0.160922368794288 0.7394062779916064 0.012295344524368321 0.024757990641479637
1 0.16437106299014737 0.7514678631759169 0.012595230976182172 0.026027631187196504
1 0.19885800494874148 0.7222661306244282 0.01319500387980991 0.02856691227863024
1 0.2369435843291018 0.7803521855909764 0.010196139361671292 0.02158388927718718
1 0.22464823980473347 0.8501824156054058 0.010196139361671257 0.021583889277187324
1 0.2337947765850563 0.679415762206483 0.008696707102601984 0.01777496764003658
1 0.28702462178201665 0.6591015134750126 0.009596366458043555 0.020314248731470315
1 0.30726695727945225 0.600380638235606 0.011695571620740565 0.024757990641479707
1 0.3368057727831176 0.5946672557798799 0.012595230976182209 0.027297271732913443
1 0.3021688875986166 0.7990793836403006 0.011695571620740601 0.024757990641479495
1 0.3285588953582364 0.9203300557562645 0.009896252909857423 0.01967942845861188
1 0.32271110954786614 0.9666719356749313 0.010196139361671328 0.02094906900432875
1 0.36769407731994536 0.9850817235878263 0.008996593554415781 0.01967942845861188
1 0.4384672799480167 0.9615933734920636 0.00959636645804352 0.01967942845861188
1 0.4306702322008562 0.8746229961104561 0.010196139361671186 0.02221870955004576
1 0.448513476083781 0.9076336502990955 0.009896252909857423 0.020949069004328892
1 0.45556080770140667 0.8612917703804288 0.010196139361671257 0.02221870955004576
1 0.4426656902734108 0.7273446928072959 0.010196139361671257 0.02094906900432875
1 0.142745951063398 0.4508804639774411 0.008396820650788115 0.01777496764003665
1 0.1610390246240435 0.3918421786016053 0.008996593554415818 0.020314248731470384
1 0.1820310762510138 0.4375492382474137 0.010196139361671257 0.022853529822904263
1 0.19657556916398608 0.45024564370458264 0.010496025813485162 0.022853529822904263
1 0.20137375239300787 0.49150896144038186 0.008096934198974316 0.016505327094319712
1 0.22251574724588508 0.41501311856093864 0.008996593554415818 0.019679428458611953
1 0.15834004655771874 0.08633555710874914 0.011995458072554453 0.025392810914337993
1 0.1901280104499881 0.045072239372949914 0.009596366458043555 0.020314248731470377
1 0.30978270472371877 0.3853359056250789 0.01079591226529903 0.021583889277187324
1 0.4094949499518276 0.3808921637150696 0.011695571620740636 0.024123170368621133
1 0.41624239511763944 0.31455344520136175 0.010795912265298923 0.02221870955004576
1 0.42134046479847514 0.27360753760199175 0.011395685168926733 0.02412317036862106
1 0.43933365190730683 0.21679112318116048 0.010196139361671257 0.02221870955004576
1 0.384904260903091 0.13394707757313284 0.011095798717112899 0.024123170368621077
1 0.4186414867321504 0.069195409741571 0.012595230976182138 0.026662451460054894
1 0.4685725809591584 0.0987145524294889 0.009896252909857494 0.020949069004328837
1 0.4675229783778099 0.01809237777646581 0.013195003879809875 0.020949069004328833
1 0.4709716725736692 0.03364547446149782 0.010496025813485091 0.021583889277187282
1 0.4945127590410573 0.2637678233726858 0.011395685168926733 0.023488350095762625
1 0.5249512339001642 0.45611836604879596 0.016493754849762326 0.034915115007214795
1 0.5423446481053681 0.461831748504522 0.010496025813485091 0.02221870955004576
1 0.616416601703392 0.2913825052420283 0.01109579871711297 0.02412317036862106
1 0.5379962945540673 0.19076349199396408 0.013794776783437683 0.03110619337006405
1 0.5786309087748454 0.15775283780532473 0.00809693419897421 0.017140147367178143
1 0.6251133088059939 0.0793525341073062 0.014694436138879113 0.03174101364292249
1 0.6760940056143503 0.06506907796799107 0.010496025813485091 0.023488350095762625
1 0.681342018521093 0.1307729762088406 0.011395685168926662 0.022853529822904176
1 0.6727952546443978 0.15426132630460324 0.011095798717112757 0.022853529822904176
1 0.6443060417220811 0.2285352982290418 0.01289511742799597 0.02666245146005487
1 0.700684694663087 0.28439948224058537 0.011095798717113041 0.024123170368621133
1 0.6197153526733444 0.3640694264843208 0.009296480006229757 0.018409787912895013
1 0.7231761785491266 0.4075546151751246 0.008096934198974282 0.01777496764003665
1 0.792028745667087 0.23869242259477702 0.00629761548809114 0.013966046002885868
1 0.8125709676163366 0.20345989745113308 0.014394549687065421 0.029836552824347145
1 0.8190185263303346 0.009204893956447519 0.009896252909857423 0.018409787912895038
1 0.8523059224816731 0.07236951110586325 0.009896252909857423 0.022853529822904176
1 0.8508064902226039 0.09585786120162589 0.012295344524368375 0.022853529822904194
1 0.9478197573843881 0.15330909589531558 0.010795912265298994 0.024757990641479512
1 0.9610147612641978 0.38089216371506973 0.011995458072554328 0.02412317036862106
1 0.9226292954320238 0.5002383750124583 0.00899659355441571 0.020314248731470315
1 0.8128708540681504 0.518330752788924 0.011995458072554612 0.026027631187196577
1 0.7413479353105445 0.5081736284231888 0.009296480006229615 0.019679428458612022
1 0.5966527223103565 0.5967310564869425 0.010795912265299136 0.022853529822904194
1 0.6140461365155603 0.6411684755870339 0.00959636645804352 0.020314248731470242
1 0.6378871094347623 0.5614985313432986 0.012295344524368304 0.026027631187196434
1 0.642835235889691 0.5586418401154356 0.009596366458043591 0.020314248731470384
1 0.7548428256421683 0.6383117843591709 0.009896252909857423 0.02221870955004569
1 0.7612903843561662 0.6967152494621484 0.010196139361671186 0.020949069004329034
1 0.9254782167242555 0.5929221348497918 0.0074971612953464726 0.01650532709431978
1 0.9476698141584811 0.5741949368004676 0.01289511742799604 0.027297271732913374
1 0.9961014761264196 0.6062533605798193 0.007797047747160661 0.02285352982290412
1 0.9968511922559544 0.6389466046320293 0.00629761548809114 0.0272972717329133
1 0.8026747147064793 0.9501666085806115 0.00959636645804366 0.020949069004328892
1 0.6159953984523505 0.9746071890856619 0.008696707102601876 0.01777496764003672
1 0.5542187893786951 0.6657671263400263 0.011095798717112828 0.023488350095762625
1 0.5260294629081921 0.6483095688364189 0.01109579871711297 0.021583889277187254
1 0.48449518933197233 0.6067288409641904 0.014994322590693087 0.03110619337006405
1 0.5086360487029882 0.574987827321268 0.01289511742799604 0.027297271732913235
1 0.5294781571040515 0.561021781318382 0.010795912265298923 0.02221870955004583
