1 0.008565056950255695 0.1771269177126918 0.006588505346350535 0.0167364016736402
1 0.0886153969084147 0.14714086471408647 0.007247355880985573 0.015341701534170138
1 0.13144068165969316 0.16945606694560666 0.005929654811715483 0.012552301255230098
1 0.1722894148070665 0.18758716875871687 0.007247355880985609 0.015341701534170155
1 0.2365273419339842 0.2287308228730823 0.006588505346350502 0.0167364016736402
1 0.2922002121106462 0.296373779637378 0.009882758019525824 0.020920502092050198
1 0.31361285448628545 0.3124128312412831 0.007906206415620681 0.019525801952580153
1 0.3834510111576011 0.37726638772663873 0.009223907484890787 0.018131101813110177
1 0.4364884791957229 0.4365411436541144 0.008565056950255681 0.01673640167364013
1 0.4618542247791725 0.4532775453277545 0.007906206415620716 0.019525801952580225
1 0.5376220362622036 0.5746164574616458 0.007906206415620573 0.019525801952580295
1 0.6759806485355649 0.4497907949790795 0.007906206415620716 0.018131101813110177
1 0.6884988086936309 0.397489539748954 0.007906206415620573 0.019525801952580225
1 0.7181470827522083 0.2873082287308229 0.006588505346350502 0.016736401673640166
1 0.7547132874244538 0.25383542538354253 0.007247355880985538 0.019525801952580225
1 0.7606429422361692 0.3172942817294282 0.009882758019525682 0.020920502092050236
1 0.9816872966062298 0.2670850767085077 0.009223907484890787 0.020920502092050198
1 0.7688785739191074 0.3884239888423988 0.009223907484890787 0.020920502092050198
1 0.7721728265922826 0.4421199442119945 0.010541608554160859 0.022315202231520247
1 0.7725022518596002 0.5885634588563459 0.008565056950255895 0.022315202231520247
1 0.7757965045327754 0.6485355648535566 0.008565056950255752 0.019525801952580225
1 0.7761259298000931 0.8430962343096233 0.010541608554160718 0.023709902370990223
1 0.06720275453277545 0.794979079497908 0.010541608554160859 0.022315202231520174
1 0.08103861576011157 0.7956764295676431 0.009223907484890744 0.02092050209205027
1 0.0813680410274291 0.9728033472803347 0.00856505695025569 0.018131101813110177
1 0.11892252150162715 0.9358437935843793 0.008565056950255698 0.019525801952580225
1 0.17821906961878198 0.911436541143654 0.008565056950255716 0.018131101813110177
1 0.23224481345885636 0.8430962343096234 0.008565056950255681 0.018131101813110177
2 0.4335236517898652 0.6178521617852162 0.15680642724314267 0.2845188284518829
