1 0.002635402138540214 0.8500697350069735 0.005270804277080428 0.02092050209205027
1 0.019765516039051603 0.8347280334728033 0.005270804277080428 0.015341701534170226
1 0.024048044514179454 0.7301255230125523 0.0072473558809855905 0.015341701534170084
1 0.02964827405857741 0.7217573221757323 0.007906206415620641 0.02092050209205027
1 0.06489677766155276 0.7112970711297072 0.008565056950255707 0.019525801952580225
1 0.12056964783821478 0.7085076708507672 0.007906206415620627 0.01673640167363999
1 0.07675608728498373 0.6820083682008368 0.00856505695025569 0.019525801952580225
1 0.07082643247326825 0.6485355648535566 0.009882758019525806 0.019525801952580225
1 0.04710781322640632 0.6206415620641562 0.008565056950255698 0.0167364016736402
1 0.025365745583449558 0.6868898186889819 0.007247355880985586 0.015341701534170084
1 0.014824137029288705 0.6729428172942817 0.007247355880985589 0.018131101813110177
1 0.03887218154346815 0.5111576011157601 0.007906206415620641 0.015341701534170155
1 0.037883905741515574 0.49581589958158995 0.008565056950255693 0.018131101813110177
1 0.08499171896792189 0.47140864714086467 0.007906206415620644 0.01673640167364013
1 0.07576781148303115 0.4232914923291492 0.007906206415620653 0.018131101813110177
1 0.06687332926545793 0.39958158995815907 0.009882758019525796 0.020920502092050198
1 0.03063654986052999 0.3828451882845188 0.009882758019525801 0.02092050209205027
1 0.03063654986052999 0.3340306834030683 0.007247355880985586 0.015341701534170155
1 0.018447814969781495 0.29776847977684795 0.007906206415620643 0.015341701534170192
1 0.18876067817294284 0.3947001394700139 0.008565056950255716 0.0167364016736402
1 0.19897286145978615 0.3884239888423988 0.007906206415620644 0.018131101813110177
1 0.20885561947931194 0.3688981868898187 0.009223907484890752 0.018131101813110177
1 0.19172550557880058 0.36541143654114366 0.009223907484890752 0.019525801952580225
1 0.19633745932124594 0.36192468619246865 0.006588505346350502 0.01813110181311025
1 0.22335033124128315 0.3158995815899582 0.009223907484890752 0.020920502092050198
1 0.23718619246861927 0.28521617852161785 0.007906206415620644 0.018131101813110177
1 0.21807952696420274 0.11366806136680614 0.010541608554160824 0.020920502092050198
1 0.26189308751743373 0.11087866108786609 0.009882758019525824 0.02092050209205022
1 0.2836351551603905 0.2775453277545328 0.008565056950255681 0.019525801952580187
1 0.3053772228033473 0.2670850767085077 0.008565056950255645 0.018131101813110177
1 0.3412845769409577 0.2670850767085077 0.010541608554160859 0.023709902370990223
1 0.3610500929800093 0.25662482566248257 0.009223907484890787 0.019525801952580153
1 0.32744871571362155 0.17782426778242677 0.010541608554160859 0.023709902370990223
1 0.338978600069735 0.1192468619246862 0.01251816015806611 0.02649930264993028
1 0.35182618549511857 0.07391910739191072 0.011859309623430932 0.027894002789400272
1 0.35314388656438866 0.022315202231520222 0.011859309623430932 0.02510460251046025
1 0.39728687238493726 0.07043235704323571 0.010541608554160859 0.02370990237099024
1 0.27539952347745233 0.7294281729428173 0.011859309623430967 0.02510460251046041
1 0.2184089522315202 0.5920502092050208 0.012518160158066012 0.026499302649930275
1 0.3119657281496978 0.6331938633193863 0.008565056950255681 0.019525801952580083
1 0.3142717050209205 0.7635983263598327 0.010541608554160859 0.023709902370990223
1 0.34787308228730823 0.7873082287308231 0.007906206415620716 0.018131101813110177
1 0.3794979079497908 0.8368200836820082 0.014494711761971217 0.02789400278940022
1 0.3501790591585309 0.5467224546722455 0.009882758019525753 0.022315202231520247
1 0.3798273332171083 0.5390516039051604 0.009882758019525824 0.02092050209205027
1 0.39563974604834967 0.5013947001394701 0.008565056950255681 0.018131101813110177
1 0.42462916957229196 0.4902370990237099 0.009882758019525753 0.02092050209205027
1 0.45427744363086936 0.46373779637377965 0.011200459088795895 0.023709902370990223
1 0.4411004329381683 0.3430962343096235 0.009882758019525824 0.022315202231520247
1 0.5089620380055788 0.45676429567642957 0.007247355880985609 0.015341701534170155
1 0.528398128777313 0.37517433751743373 0.010541608554160859 0.022315202231520174
1 0.5455282426778243 0.399581589958159 0.010541608554160859 0.023709902370990223
1 0.5583758281032078 0.3926080892608089 0.008565056950255681 0.023709902370990223
1 0.5435516910739191 0.3410041841004184 0.007906206415620573 0.01813110181311025
1 0.5517873227568573 0.3270571827057182 0.009882758019525753 0.020920502092050198
1 0.5633172071129706 0.3152022315202232 0.010541608554160859 0.022315202231520212
1 0.5643054829149233 0.2719665271966527 0.009882758019525753 0.022315202231520247
1 0.58604755055788 0.2377963737796374 0.009882758019525753 0.020920502092050198
1 0.5906595043003254 0.20641562064156205 0.008565056950255752 0.019525801952580187
1 0.5675997355880986 0.17852161785216178 0.012518160158066038 0.025104602510460268
1 0.5445399668758717 0.14783821478382148 0.008565056950255752 0.019525801952580187
1 0.6074601929335194 0.27615062761506276 0.010541608554160859 0.022315202231520174
1 0.6476500755462575 0.23919107391910735 0.007906206415620601 0.018131101813110145
1 0.6763100738028824 0.21687587168758718 0.00856505695025561 0.018131101813110215
1 0.6917930613668061 0.19107391910739188 0.007906206415620716 0.019525801952580187
1 0.6433675470711298 0.03486750348675035 0.008565056950255681 0.019525801952580198
1 0.6532503050906554 0.004881450488145049 0.009882758019526131 0.009762900976290099
1 0.7652548959786145 0.06834030683403068 0.008565056950255752 0.019525801952580198
1 0.8084096059972106 0.029288702928870293 0.006588505346350502 0.01673640167364017
1 0.7698668497210599 0.1087866108786611 0.008565056950255752 0.019525801952580205
1 0.8067624796606231 0.11297071129707113 0.009882758019525824 0.022315202231520212
1 0.8169746629474663 0.1394700139470014 0.009223907484890787 0.019525801952580187
1 0.8248808693630869 0.10320781032078102 0.010541608554160859 0.02231520223152023
1 0.8357519031845656 0.11715481171548119 0.00724735588098542 0.019525801952580184
1 0.8502466149465367 0.1415620641562064 0.009882758019526025 0.023709902370990233
1 0.8571645455602045 0.14783821478382148 0.010541608554160859 0.02231520223152023
1 0.98564039981404 0.03835425383542538 0.010541608554160859 0.023709902370990233
1 0.8219160419572293 0.22036262203626222 0.00724735588098568 0.019525801952580187
1 0.850576040213854 0.2489539748953975 0.010541608554160859 0.020920502092050198
1 0.8894482217573221 0.301952580195258 0.009223907484890787 0.020920502092050236
1 0.9355677591817759 0.3179916317991632 0.010541608554160859 0.019525801952580187
1 0.9671925848442585 0.3249651324965132 0.009223907484890787 0.019525801952580187
1 0.9951261767782427 0.2670850767085076 0.009747646443514668 0.02649930264993028
1 0.7118880026731753 0.29358437935843795 0.011200459088795895 0.02649930264993028
1 0.7072760489307299 0.36052998605299863 0.012518160158065967 0.026499302649930244
1 0.6756512232682473 0.49372384937238495 0.01383586122733618 0.030683403068340383
1 0.7029935204556019 0.5 0.01581241283124129 0.03486750348675038
1 0.731653518712227 0.4316596931659693 0.013835861227336039 0.029288702928870335
1 0.7471365062761507 0.4532775453277545 0.011859309623431074 0.025104602510460268
1 0.7912794920966992 0.4128312412831241 0.011859309623430932 0.025104602510460195
1 0.7945737447698745 0.42887029288702927 0.014494711761971075 0.026499302649930313
1 0.7352771966527196 0.6290097629009762 0.011859309623430932 0.02789400278940022
1 0.704311221524872 0.6813110181311017 0.014494711761971217 0.032078103207810356
1 0.7020052446536496 0.7684797768479776 0.01251816015806611 0.027894002789400362
1 0.6940990382380289 0.7740585774058579 0.007247355880985538 0.01673640167364013
1 0.6743335221989771 0.891910739191074 0.015153562296606254 0.032078103207810356
1 0.6595093851696885 0.9302649930264993 0.014494711761971075 0.03068340306834031
1 0.6413909954672247 0.882845188284519 0.011200459088795895 0.025104602510460126
1 0.6456735239423523 0.8256624825662482 0.006588505346350502 0.01673640167364013
1 0.5903300790330079 0.8528591352859135 0.011859309623430932 0.026499302649930313
1 0.5814355968154347 0.8779637377963738 0.011200459088795967 0.023709902370990223
1 0.5557404259646677 0.911436541143654 0.011200459088795895 0.023709902370990223
1 0.5395985878661088 0.8891213389121339 0.011859309623430932 0.023709902370990223
1 0.5504696216875872 0.8563458856345886 0.008565056950255752 0.019525801952580225
1 0.5689174366573687 0.793584379358438 0.009882758019525895 0.022315202231520174
1 0.6292022605764761 0.7001394700139472 0.009223907484890787 0.019525801952580225
1 0.6525914545560204 0.6680613668061366 0.013835861227336039 0.03068340306834031
1 0.6209666288935378 0.5111576011157601 0.00856505695025561 0.020920502092050198
1 0.5656231839841934 0.6492329149232914 0.012518160158065967 0.026499302649930244
1 0.5379514615295211 0.6534170153417014 0.012518160158066038 0.02649930264993017
1 0.5274098529753602 0.6687587168758716 0.013835861227336039 0.029288702928870265
2 0.13506435960018595 0.05718270571827056 0.2701287192003719 0.11436541143654112
2 0.17657194328219436 0.7015341701534169 0.19501975825197587 0.596931659693166
2 0.37290940260344024 0.7308228730822873 0.2938473384472338 0.5383542538354256
2 0.570893988261274 0.9832635983263599 0.11398114249186374 0.033472803347280276
2 0.9789843386796833 0.9874476987447685 0.042031322640631495 0.025104602510460216
