2 0.8122951534170153 0.600418410041841 0.3754096931659693 0.7963737796373781
1 0.8133509850069736 0.28661087866108786 0.015153562296606254 0.032078103207810356
1 0.8179629387494188 0.2649930264993026 0.013835861227336039 0.030683403068340276
1 0.8976838534402602 0.22245467224546722 0.015153562296606112 0.03765690376569033
1 0.9526978730822873 0.19665271966527198 0.01581241283124129 0.03626220362622035
1 0.9764164923291492 0.1178521617852162 0.006588505346350502 0.02092050209205022
1 0.08400344316596932 0.19246861924686193 0.0072473558809855905 0.019525801952580187
1 0.19963171199442123 0.30962343096234307 0.009223907484890752 0.019525801952580187
1 0.2414687209437471 0.40027894002789405 0.011200459088795895 0.025104602510460268
1 0.28264687935843796 0.43584379358437936 0.00790620641562061 0.018131101813110177
1 0.295823890051139 0.41352859135285913 0.009223907484890752 0.018131101813110177
1 0.3198719345653184 0.5955369595536959 0.008565056950255681 0.01673640167364006
1 0.36665032252440727 0.9288702928870294 0.008565056950255681 0.019525801952580225
1 0.37752135634588563 0.9895397489539749 0.011859309623430932 0.02092050209205027
1 0.41112273361227336 0.9679218967921898 0.009223907484890787 0.019525801952580225
1 0.34326112854486285 0.9651324965132497 0.007906206415620644 0.01673640167364013
1 0.3281075662482566 0.9588563458856345 0.007906206415620644 0.018131101813110177
1 0.20852619421199442 0.903068340306834 0.009882758019525824 0.023709902370990223
1 0.19073722977684796 0.9532775453277545 0.008565056950255716 0.018131101813110177
1 0.002964827405857741 0.6694560669456067 0.005929654811715482 0.016736401673640273
1 0.060614249186424926 0.6457461645746164 0.009223907484890752 0.019525801952580295
1 0.08729769583914457 0.6631799163179918 0.009882758019525806 0.02092050209205027
1 0.12386390051139007 0.6659693165969316 0.009223907484890735 0.018131101813110177
1 0.21972665330079033 0.6220362622036262 0.007247355880985573 0.01673640167364013
1 0.25464573163644816 0.6241283124128312 0.008565056950255645 0.018131101813110177
1 0.2724346960715946 0.6813110181311017 0.008565056950255716 0.02092050209205027
1 0.265187340190609 0.7391910739191073 0.007247355880985573 0.01673640167364013
1 0.21544412482566247 0.5732217573221757 0.013177010692701075 0.027894002789400362
1 0.19765516039051603 0.5230125523012552 0.011859309623430967 0.025104602510460195
2 0.4493360646211066 0.5355648535564853 0.12518160158066025 0.11436541143654118
2 0.5886829526964202 0.2315202231520223 0.7596546664342166 0.2873082287308229
