2 0.4427676247198156 0.5589869981914718 0.13868121174200926 0.1652098826912705
1 0.0953002413113912 0.2957316675154613 0.011904692649841309 0.02667333903622864
1 0.12206523418426514 0.6934868287882443 0.012643098831176758 0.02756676048270397
1 0.4691446304321289 0.7226322598862148 0.011023521423339844 0.024109559653218027
1 0.42049236297607423 0.43594584102273115 0.010055160522460938 0.022563055305523015
1 0.684032694498698 0.428934957384406 0.01117833455403646 0.023786752988905736
1 0.19215299288431806 0.10992028300528228 0.012491130828857422 0.027711584391904114
1 0.5066016515096029 0.1920852072315153 0.009668922424316407 0.02056655967905871
1 0.019523697594801583 0.4823730872510681 0.01194003125031789 0.025831598956897742
1 0.546522331237793 0.4863181150997881 0.007380294799804688 0.017422172437034866
1 0.5593592643737793 0.38572925033485217 0.013748741149902344 0.03130817518476089
1 0.19369108676910402 0.7841428106911522 0.010085153579711913 0.021691235055471336
1 0.45533679326375326 0.3294585037652029 0.009712600708007812 0.020762753723211826
1 0.6222800572713216 0.8533720207845231 0.0095672607421875 0.021648032662624037
1 0.8330492973327637 0.559175047616843 0.011724281311035156 0.024860318992471746
1 0.19726277987162275 0.5601465631083328 0.01392984390258789 0.029047317252532387
1 0.24142832756042482 0.20303645864736944 0.011483097076416015 0.024235129224951763
1 0.4182619412740072 0.8496540914954003 0.01056365966796875 0.021204501554747793
1 0.7574147860209147 0.32088289607846093 0.013326454162597656 0.029207946710050302
1 0.2951802253723145 0.5959398969925751 0.010665702819824218 0.023877128087961687
1 0.3652965386708577 0.10797012312278202 0.01216573715209961 0.02520622413239905
1 0.657737922668457 0.8593343547581311 0.00843963623046875 0.018258461747174753
1 0.053746114174524934 0.38603745432120834 0.011660103003184001 0.025434197506804715
1 0.8593625704447427 0.40898749741593166 0.011835670471191407 0.02510523349210998
1 0.3919952869415283 0.09127432876805619 0.011045360565185547 0.02511313206042844
1 0.535143804550171 0.3177177151613751 0.011855411529541015 0.026112717330915792
1 0.2428377866744995 0.01046023426665755 0.011858892440795899 0.0209204685333151
1 0.5332834243774414 0.8643623528696079 0.011166000366210937 0.0232212861554231
1 0.5050915559132894 0.7684675088396673 0.011022663116455078 0.02387901230447216
1 0.16222648620605468 0.15872801388506066 0.011566257476806641 0.024996319048459895
1 0.5829886436462403 0.36149857930075113 0.011719703674316406 0.023976520508889196
1 0.5359248638153076 0.09873240680126794 0.008058643341064453 0.018219902602156834
1 0.4400970300038656 0.6504430802417827 0.008986568450927735 0.01846700413881615
1 0.04488945007324219 0.04495056934630069 0.009606885910034179 0.020947671909185072
1 0.7427358627319336 0.8549757582087238 0.009933853149414062 0.021616539329520398
1 0.8019290924072265 0.6103188242381304 0.01101837158203125 0.023803105296478777
1 0.7829709053039551 0.5090745885947836 0.012988853454589843 0.02754314048287624
1 0.909615421295166 0.3828550126350176 0.008992958068847656 0.019608132762972023
1 0.8266875902811686 0.44372551864405324 0.01406688690185547 0.028925011412968576
1 0.4394932746887207 0.7961669047060193 0.009506416320800782 0.02260312855309399
1 0.2098846594492594 0.22692924928507438 0.01061077117919922 0.023503716751653806
1 0.14827447400875615 0.6412795493258494 0.009866428375244141 0.02090531489026323
1 0.4042512893676758 0.811891566300734 0.009779739379882812 0.021418494715580206
1 0.7285380999247232 0.5027467502648669 0.010707155863444012 0.023852364099538313
1 0.9846523920694987 0.7117170272877619 0.0140167236328125 0.029108318762058983
1 0.14899006684621174 0.536011078654734 0.013105026880900065 0.02879237602932056
1 0.7620220502217611 0.23929347802680542 0.013435935974121094 0.02961402901478087
1 0.12667407989501953 0.23814284420328868 0.012866067886352538 0.02728362330528183
1 0.5407642046610515 0.8811523706673787 0.00863819122314453 0.01802266550957828
1 0.9568144798278808 0.4675481053933814 0.008799552917480469 0.019063358664381202
1 0.39766739209493 0.5068648063886784 0.009472942352294922 0.01990196959843578
1 0.6515894571940103 0.40929502846781973 0.010860697428385418 0.022289608384440465
1 0.7486937204996744 0.45504681672387504 0.011222076416015626 0.024400570163916068
1 0.044599411884943645 0.7419000560419825 0.009059417247772216 0.02144393163847161
1 0.4986411028382724 0.21783606386001164 0.00934152603149414 0.020105364041396775
1 0.03713823556900025 0.7352465510762646 0.010607647895812988 0.024562579137093435
1 0.457138729095459 0.6005436099219611 0.013389015197753906 0.027725438430264607
1 0.31636141141255697 0.9713251183287969 0.009752305348714192 0.021563646680333518
1 0.8856980323791503 0.49177293872097233 0.009907722473144531 0.019740465326109426
1 0.08828597164109717 0.6457461645746164 0.010541608554160859 0.022315202231520174
1 0.19271378138075312 0.9748953974895397 0.009882758019525787 0.022315202231520174
1 0.5619995060437006 0.8758716875871687 0.010541608554160859 0.022315202231520174
1 0.6176723762203626 0.9937238493723849 0.011200459088795967 0.012552301255230134
1 0.8014916753835425 0.7099023709902371 0.011200459088795895 0.025104602510460268
1 0.7616312180381218 0.5439330543933054 0.011859309623430932 0.025104602510460195
1 0.9003192555788004 0.4456066945606695 0.012518160158065967 0.026499302649930244
1 0.9190964958158996 0.39609483960948394 0.010541608554160859 0.022315202231520247
1 0.9253555758949327 0.3375174337517434 0.011200459088795895 0.022315202231520247
1 0.5629877818456532 0.03626220362622036 0.011200459088795824 0.02231520223152022
2 0.9575716963040446 0.9748953974895395 0.08485660739191062 0.050209205020920154
1 0.9223907484890748 0.901673640167364 0.013177010692701004 0.02649930264993017
