1 0.05800875822703043 0.14462987695797014 0.00845954418182373 0.019429721012136508
2 0.48564050892573185 0.5507558852744361 0.052972950529686355 0.1469844900888754
1 0.5094937324523925 0.300875780469396 0.011513137817382812 0.025450549814377756
1 0.4966913746435218 0.3939602566570034 0.01528968811035156 0.030391834735325644
1 0.5125802357991536 0.258374686277951 0.012840461730957032 0.028332088853190465
1 0.6903893152872722 0.1874560405558762 0.010916900634765626 0.02347494880314567
1 0.8972135543823242 0.6149692388195976 0.009493255615234375 0.019142563051267915
1 0.13377671241760253 0.09833117803638798 0.011754894256591797 0.02463682063227846
1 0.16043750445048016 0.13573083593669247 0.011085859934488932 0.022282433220675132
1 0.5396417935689292 0.09596674707784937 0.010909334818522137 0.024937067168550164
1 0.5300475279490153 0.12586414038543534 0.012440649668375652 0.025796269897326352
1 0.1985819419225057 0.21492488907348228 0.01219188372294108 0.026367086559829795
1 0.302082970130172 0.4463040446304045 0.009882758019525824 0.022315202231520174
1 0.5761647925383542 0.9846582984658298 0.008565056950255681 0.01673640167364013
1 0.4954556020455603 0.37587168758716877 0.013177010692701075 0.029288702928870265
