1 0.001317701069270107 0.5641562064156206 0.002635402138540214 0.020920502092050198
1 0.0019765516039051607 0.15411436541143655 0.003953103207810321 0.02092050209205022
1 0.04018988261273826 0.5237099023709902 0.01317701069270107 0.029288702928870192
1 0.05468459437470944 0.6910739191073918 0.009223907484890744 0.02092050209205027
1 0.07972091469084147 0.9762900976290098 0.01581241283124129 0.0334728033472804
1 0.20259653940027897 0.9463040446304045 0.007247355880985573 0.015341701534170226
1 0.31361285448628545 0.7677824267782427 0.013177010692701075 0.029288702928870407
1 0.39926342398884246 0.801952580195258 0.013177010692701075 0.02789400278940022
1 0.41606411262203624 0.806136680613668 0.012518160158066038 0.03068340306834031
1 0.35907354137610414 0.6834030683403068 0.005270804277080429 0.011157601115760087
1 0.21412642375639238 0.5111576011157601 0.014494711761971181 0.029288702928870265
1 0.3356843473965597 0.13389121338912133 0.012518160158066038 0.02789400278940029
1 0.37752135634588563 0.03556485355648535 0.005270804277080429 0.012552301255230125
1 0.38542756276150625 0.05439330543933054 0.007906206415620573 0.016736401673640166
1 0.49644387784751276 0.21129707112970714 0.01383586122733611 0.0292887029288703
1 0.535974909925616 0.07601115760111575 0.009882758019525753 0.023709902370990223
1 0.5455282426778243 0.10111576011157603 0.015812412831241362 0.03486750348675036
1 0.5745176662017667 0.05927475592747559 0.013177010692701075 0.029288702928870293
1 0.5824238726173874 0.10111576011157603 0.011859309623430932 0.029288702928870283
1 0.6087778940027895 0.02510460251046025 0.019765516039051648 0.03905160390516039
1 0.6641213389121339 0.16248256624825663 0.009223907484890787 0.02092050209205022
1 0.7309946681775918 0.16596931659693165 0.011200459088795895 0.02510460251046025
1 0.7876558141562064 0.03277545327754533 0.007247355880985538 0.018131101813110184
1 0.8268574209669921 0.05788005578800558 0.011859309623430932 0.026499302649930268
1 0.621625479428173 0.2914923291492329 0.011200459088795967 0.022315202231520247
1 0.6064719171315667 0.6743375174337517 0.009882758019525824 0.02092050209205013
1 0.7006875435843795 0.9476987447698744 0.00856505695025561 0.018131101813110177
1 0.7125468532078103 0.9330543933054394 0.00856505695025561 0.019525801952580368
1 0.7744788034635053 0.9860529986052998 0.011200459088795895 0.022315202231520174
1 0.7794201824732683 0.9937238493723849 0.011859309623430932 0.012552301255230134
1 0.8795654637377964 0.8974895397489538 0.009223907484890645 0.02092050209205027
1 0.9016369566480706 0.6743375174337518 0.009882758019525682 0.023709902370990365
1 0.9309558054393307 0.7092050209205021 0.007906206415620573 0.018131101813110034
1 0.7985268479776849 0.4972105997210601 0.010541608554160718 0.023709902370990292
1 0.8120332839377034 0.5083682008368201 0.008565056950255752 0.020920502092050198
1 0.7128762784751278 0.5843793584379359 0.010541608554160859 0.022315202231520247
1 0.6875105328916783 0.5767085076708508 0.009882758019525682 0.020920502092050198
1 0.826198570432357 0.5683403068340307 0.011859309623430932 0.026499302649930313
1 0.8229043177591816 0.602510460251046 0.006588505346350502 0.0167364016736402
1 0.9158022431427243 0.5216178521617851 0.009223907484890787 0.019525801952580295
1 0.9312852307066481 0.5132496513249651 0.00856505695025561 0.0167364016736402
1 0.9401797129242213 0.4253835425383542 0.009223907484890787 0.022315202231520174
1 0.8341047768479777 0.2712691771269177 0.009223907484890787 0.020920502092050236
1 0.8574939708275221 0.2266387726638773 0.008565056950255895 0.018131101813110177
1 0.9655454585076708 0.04951185495118549 0.011200459088795895 0.023709902370990233
1 0.6025188139237564 0.9274755927475593 0.005929654811715466 0.013947001394700181
1 0.6377673175267318 0.9958158995815899 0.009223907484890716 0.008368200836820137
2 0.5468459437470942 0.34658298465829845 0.11991079730357988 0.36680613668061374
2 0.8308105241748025 0.5627615062761506 0.08301516736401665 0.8577405857740585
