2 0.6294774737595293 0.33705499742048545 0.28607547415073187 0.3868053117802736
2 0.28069414297739664 0.9255347877510851 0.056932115554809565 0.14893042449782962
1 0.8763726234436036 0.4540619266598332 0.013209724426269531 0.030301229693529493
1 0.4547111511230469 0.22263217576940633 0.010880470275878906 0.023413173418980842
1 0.5338226318359375 0.617009004132356 0.009468841552734374 0.021792780866696528
1 0.6021404584248861 0.6709378714598264 0.010516929626464843 0.022679237441427788
1 0.14690143267313638 0.6725549666332172 0.009714158376057942 0.02199143112165794
1 0.48448165257771814 0.9803713090890298 0.009617233276367187 0.021379935570562295
1 0.8460039138793946 0.3767326884916362 0.013393020629882813 0.0287652231235357
1 0.5481516202290853 0.8770414812956518 0.011283429463704427 0.02395512119280595
1 0.8293674468994141 0.06298984371971796 0.008490753173828126 0.019249765717864957
1 0.11676792701085409 0.6166516759298339 0.00917050838470459 0.02111688548701075
1 0.6569848696390789 0.622100998311742 0.008149147033691406 0.018468417301199008
1 0.9270994186401367 0.2760935134635345 0.009619903564453126 0.020354770378609083
1 0.18364051977793372 0.7839656606924443 0.010020971298217773 0.021472194886128722
1 0.9271854082743327 0.4396665125198112 0.010109901428222656 0.02025465455312845
1 0.1696946382522583 0.6388355999560709 0.012323141098022461 0.02609101519432194
1 0.6603515307108562 0.8067304281047583 0.009992154439290364 0.020060647545996416
1 0.6721405665079752 0.3976687901338116 0.01041285196940104 0.022580013254117282
1 0.6960913022359212 0.9897918532938259 0.006542396545410156 0.014664587927232636
2 0.41220966702225814 0.1447575389265165 0.3979808752839366 0.289515077853033
1 0.7137375831604004 0.5369665783058847 0.011416816711425781 0.02553887246330623
1 0.2038773457209269 0.8392065819989492 0.009424638748168946 0.021720507704830486
1 0.6169472376505535 0.8750485185751447 0.009883499145507813 0.022289608384440465
2 0.031110470497791066 0.4855487252835315 0.06222094099558213 0.1251907628904857
1 0.6893659273783367 0.668886464380771 0.010112953186035157 0.02137165847660557
2 0.07047346500616629 0.9460380955085579 0.14094693001233258 0.10792380898287492
1 0.8303647994995117 0.1882362744248295 0.008293533325195312 0.018537056616937705
1 0.860406494140625 0.04764113589184813 0.00885467529296875 0.019289060884957278
1 0.4976625442504883 0.9417788538149462 0.009611892700195312 0.01823786995245314
1 0.8037105560302734 0.4163655845700972 0.010290145874023438 0.023617173502963065
1 0.9496845245361328 0.5867218724159315 0.013114166259765626 0.029034834318150494
1 0.13645186026891076 0.7679512671625207 0.013123170534769696 0.028975885258751378
1 0.3200089454650879 0.4379825276602984 0.011672019958496094 0.02558994818942944
2 0.047413696293939406 0.8351594344206936 0.09482739258787881 0.3296811311586076
1 0.33271951999070204 0.44072524407252445 0.011859309623431043 0.02789400278940029
1 0.5244450255695026 0.9937238493723849 0.007906206415620573 0.012552301255230134
1 0.6272257089725709 0.9267782426778243 0.009223907484890787 0.02092050209205013
1 0.6618153620409112 0.7475592747559275 0.008565056950255752 0.019525801952580225
1 0.8255397198977221 0.9497907949790795 0.007906206415620573 0.016736401673640273
1 0.9029546577173408 0.8465829846582984 0.008565056950255752 0.01673640167363999
1 0.7916089173640168 0.35495118549511856 0.009882758019525824 0.020920502092050198
1 0.8024799511854951 0.35495118549511856 0.009223907484890787 0.020920502092050198
1 0.7181470827522083 0.3138075313807531 0.009223907484890787 0.019525801952580187
1 0.8014916753835425 0.2357043235704324 0.00724735588098568 0.016736401673640166
1 0.8604587982333798 0.2907949790794979 0.009223907484890787 0.020920502092050236
1 0.8996604050441656 0.2398884239888424 0.009882758019525824 0.022315202231520212
1 0.9777341933984194 0.3556485355648536 0.009223907484890787 0.019525801952580153
1 0.9329323570432356 0.0711297071129707 0.007906206415620716 0.016736401673640166
1 0.9714751133193863 0.011157601115760111 0.009882758019525824 0.022315202231520222
