2 0.4728693962097166 0.6146262511368444 0.07783489227294921 0.27380150428495537
1 0.246307110786438 0.8253437618436466 0.007777547836303711 0.016624038511232085
1 0.6773956298828125 0.5952856701027598 0.011714553833007813 0.025273601696010197
1 0.682706356048584 0.21680394081191426 0.010210227966308594 0.022034229753824422
1 0.5846972147623698 0.6878594142993729 0.011978912353515624 0.02557702784764333
1 0.5438213348388672 0.31023962994526083 0.010973739624023437 0.023796342305075113
1 0.742017428080241 0.5223225821733738 0.010850143432617188 0.02294935333689361
1 0.7293891588846843 0.55397397076019 0.012018394470214844 0.025830757788812705
1 0.5354613145192464 0.39656415138118456 0.010967985788981121 0.023800884612734288
1 0.14142128626505535 0.006907909944275642 0.008862590789794922 0.013815819888551285
1 0.2269652048746745 0.8053427699382408 0.00996551513671875 0.0202051938697285
1 0.2509103298187256 0.6865774068443358 0.011810588836669921 0.02589182659178611
1 0.2994475679916318 0.2196652719665272 0.009882758019525753 0.020920502092050236
