1 0.036236779404927935 0.01324965132496513 0.011859309623430963 0.023709902370990233
1 0.10936918874941888 0.2733612273361227 0.010541608554160841 0.025104602510460268
1 0.5511284722222222 0.03207810320781032 0.00724735588098568 0.02231520223152023
1 0.5636466323802882 0.1290097629009763 0.011200459088795967 0.023709902370990257
1 0.61536639934914 0.2545327754532775 0.010541608554160859 0.023709902370990184
1 0.6400732943979545 0.30962343096234307 0.011200459088795967 0.025104602510460233
1 0.6855339812877732 0.3647140864714086 0.011200459088795753 0.026499302649930313
1 0.8252102946304043 0.29916317991631797 0.009882758019525824 0.020920502092050198
2 0.46712502905625286 0.5202231520223151 0.09092137377963713 0.08926080892608076
0 0.5724735588098558 0.612273361227336 0.8550528823802881 0.7754532775453274
