2 0.5124758371249396 0.7005945496674559 0.15597600183172175 0.4533073382577582
2 0.11589729090947318 0.40432288255630383 0.23179458181894635 0.2512770669710211
1 0.055343444909344494 0.7880055788005579 0.009223907484890744 0.019525801952580083
1 0.0016471263365876337 0.6771269177126917 0.0032942526731752674 0.023709902370990223
1 0.06324965132496513 0.8493723849372384 0.007906206415620644 0.01673640167364013
1 0.10772206241283126 0.9776847977684798 0.009882758019525806 0.022315202231520174
1 0.1676774610646211 0.8877266387726638 0.008565056950255681 0.018131101813110177
1 0.21840895223152024 0.8256624825662482 0.009882758019525787 0.02231520223152003
1 0.24871607682473268 0.7873082287308227 0.009882758019525787 0.02092050209205027
1 0.3063654986052999 0.7224546722454673 0.010541608554160859 0.022315202231520316
1 0.3254721641097164 0.6555090655509065 0.014494711761971146 0.03068340306834031
1 0.3218484861692237 0.5446304044630405 0.012518160158066038 0.026499302649930244
1 0.2928590626452813 0.48675034867503486 0.008565056950255645 0.019525801952580153
1 0.2355390661320316 0.5446304044630405 0.005929654811715502 0.018131101813110177
1 0.32613101464435146 0.44490934449093444 0.011859309623430932 0.02789400278940022
1 0.37323882787075774 0.5564853556485356 0.007247355880985609 0.01673640167364006
1 0.4279234222454672 0.5383542538354255 0.009882758019525824 0.022315202231520174
1 0.4298999738493724 0.8682008368200836 0.011200459088795967 0.026499302649930313
1 0.45592456996745695 0.9149232914923292 0.009223907484890716 0.019525801952580368
1 0.5204919223616922 0.8430962343096234 0.013177010692701075 0.029288702928870265
1 0.476678361808461 0.7580195258019525 0.00856505695025568 0.02370990237099007
1 0.3198719345653184 0.3758716875871687 0.015153562296606183 0.03486750348675038
1 0.3366726231985123 0.3842398884239888 0.010541608554160859 0.023709902370990292
1 0.350837909693166 0.3389121338912134 0.012518160158066038 0.02789400278940022
1 0.3906983670385867 0.3082287308228731 0.009223907484890716 0.019525801952580187
1 0.20061998779637377 0.403068340306834 0.009882758019525787 0.022315202231520174
1 0.07807378835425384 0.48326359832635984 0.00856505695025569 0.018131101813110177
1 0.04216643421664342 0.2873082287308229 0.010541608554160855 0.022315202231520212
1 0.013506435960018597 0.23361227336122734 0.008565056950255695 0.020920502092050198
1 0.0724735588098559 0.16527196652719667 0.009223907484890744 0.018131101813110194
1 0.13605263540213852 0.14853556485355648 0.009882758019525787 0.020920502092050198
1 0.12485217631334264 0.26499302649930256 0.013835861227336089 0.027894002789400175
1 0.19238435611343563 0.10808926080892607 0.010541608554160859 0.023709902370990223
1 0.2856117067642957 0.12831241283124128 0.011200459088795932 0.02231520223152023
1 0.23356251452812646 0.2775453277545328 0.009882758019525824 0.019525801952580187
1 0.25233975476522547 0.3263598326359833 0.010541608554160824 0.022315202231520212
1 0.35643813923756396 0.14295676429567641 0.010541608554160788 0.023709902370990223
1 0.37850963214783817 0.14504881450488147 0.012518160158066038 0.025104602510460233
1 0.44439468561134354 0.21548117154811716 0.009882758019525824 0.020920502092050198
1 0.4905142230357973 0.4511854951185495 0.009882758019525753 0.020920502092050198
1 0.48392571768944675 0.09414225941422595 0.016471263365876326 0.034867503486750356
1 0.5402574384007438 0.12064156206415622 0.010541608554160859 0.02370990237099024
1 0.5761647925383542 0.20432357043235705 0.011200459088795895 0.02649930264993028
1 0.5751765167364017 0.28591352859135283 0.011859309623431003 0.02789400278940029
1 0.5814355968154348 0.36052998605299863 0.00856505695025561 0.01813110181311025
1 0.621625479428173 0.33542538354253837 0.01251816015806611 0.026499302649930313
1 0.6104250203393771 0.21687587168758718 0.016471263365876326 0.03486750348675034
1 0.7026640951882845 0.13319386331938635 0.016471263365876326 0.03486750348675036
1 0.7412068514644352 0.006276150627615063 0.014494711761971217 0.012552301255230125
1 0.7823850098791261 0.17224546722454673 0.01383586122733618 0.03207810320781031
1 0.7132057037424454 0.22524407252440726 0.01383586122733618 0.029288702928870265
1 0.6568739830311483 0.3430962343096235 0.013177010692701146 0.02789400278940029
1 0.6364496164574617 0.5076708507670851 0.010541608554160859 0.025104602510460195
1 0.6684038673872618 0.9100418410041842 0.012518160158065967 0.029288702928870407
1 0.7161705311483031 0.9658298465829848 0.009223907484890787 0.02092050209205027
1 0.759325241166899 0.9658298465829848 0.009882758019525824 0.02092050209205027
1 0.6944284635053464 0.6192468619246863 0.013177010692701146 0.02789400278940022
1 0.7244061628312413 0.6122733612273361 0.01251816015806611 0.027894002789400362
1 0.759325241166899 0.6799163179916319 0.011200459088795895 0.023709902370990223
1 0.7945737447698745 0.598326359832636 0.011859309623430932 0.025104602510460268
1 0.726712139702464 0.5090655509065551 0.013177010692701004 0.02789400278940022
1 0.7290181165736865 0.37935843793584384 0.009882758019525824 0.022315202231520247
1 0.7451599546722454 0.41492329149232915 0.011859309623431074 0.023709902370990223
1 0.7856792625523014 0.38772663877266383 0.012518160158065967 0.02789400278940029
1 0.7978679974430497 0.3486750348675035 0.010541608554160859 0.025104602510460268
1 0.8192806398186889 0.4741980474198047 0.013835861227336039 0.03068340306834031
1 0.8541997181543468 0.5481171548117154 0.009882758019525682 0.022315202231520174
1 0.8716592573221758 0.5216178521617852 0.011859309623430932 0.025104602510460195
1 0.906248910390516 0.5509065550906556 0.011200459088796038 0.025104602510460337
1 0.9513801720130172 0.5739191073919108 0.011859309623430932 0.026499302649930313
1 0.973781090190609 0.592747559274756 0.011859309623430932 0.025104602510460337
1 0.9790518944676895 0.9832635983263599 0.010541608554160859 0.025104602510460268
