2 0.3559920754669874 0.3733567746380879 0.3160118222070369 0.33800983118796346
1 0.837249924071386 0.3135043617091295 0.008508682250976562 0.01860599875318702
1 0.5695261001586913 0.11899151113356618 0.00726165771484375 0.015789868944666482
1 0.9069820404052734 0.24762556755293033 0.009035110473632812 0.02250087616067737
1 0.07099944750467936 0.7184833833637678 0.017902644475301106 0.03910502945837927
1 0.4808650016784668 0.3339612092309382 0.01111907958984375 0.023869422988302788
1 0.3303499539693197 0.16900868610352637 0.010983085632324219 0.024049500251946666
1 0.592774772644043 0.22646230005771087 0.010303115844726563 0.021756341465252894
1 0.6346717834472656 0.44119545327789067 0.011023712158203126 0.02187676308830623
1 0.7542459487915039 0.3580992676588772 0.009487533569335937 0.01880343772610598
1 0.6196646372477214 0.00664166447346108 0.009049224853515624 0.01328332894692216
2 0.3373465788081768 0.7785165261596751 0.6746931576163536 0.43608955741741584
1 0.8534528732299804 0.29961820053554816 0.009673309326171876 0.021895975367368384
1 0.5807241121927897 0.5063108803813224 0.008751487731933594 0.018105234568805126
1 0.04674786527951559 0.681835809642451 0.018835333983103435 0.042003021744935226
1 0.966755485534668 0.4058797178089684 0.009954071044921875 0.022550841544928334
2 0.06701804365683912 0.5648313821449205 0.13372437886336086 0.1342556093275684
2 0.6144047455585925 0.8442191575223507 0.7711905088828135 0.31156168495528647
1 0.6706528663635254 0.6625138086152839 0.010271263122558594 0.022541958809950385
1 0.0060332273443539945 0.6957118193133269 0.012066454688707989 0.03675675733875414
1 0.7163074493408204 0.47655326397442627 0.010906600952148437 0.02427782691694804
1 0.6239719708760579 0.08424397208856249 0.013273302714029949 0.029639642582970128
1 0.2117079734802246 0.09240550216792567 0.010890388488769531 0.023909849526469473
1 0.4050291061401367 0.2912903589082526 0.012247848510742187 0.024617137299088685
1 0.6593326886494956 0.4281647838857497 0.010060056050618488 0.02204513129220645
1 0.576642100016276 0.4132086134535212 0.010739517211914063 0.023660981536831587
1 0.3345181941986084 0.05548500094681879 0.009817409515380859 0.02237950822352837
1 0.34003899892171224 0.08282795394005822 0.010812759399414062 0.021093114076927714
1 0.7199464797973633 0.793469110423701 0.009878158569335938 0.022806220175544376
1 0.7983020782470703 0.49181644393433016 0.011196517944335937 0.024183044097126512
1 0.2510712146759033 0.06313340587679055 0.01212759017944336 0.026182488017728864
1 0.166127610206604 0.01501742429218061 0.009847211837768554 0.02234279123661668
1 0.8435192108154297 0.5476277781426578 0.008928680419921875 0.020390923782903806
1 0.3608955065409342 0.2521493526908765 0.01142133076985677 0.02429983187405251
1 0.9045489311218262 0.5336054052249862 0.007519340515136719 0.016420543128100883
1 0.6130604224779173 0.7691771269177127 0.011200459088795967 0.023709902370990223
1 0.11793424569967456 0.7398884239888425 0.01185930962343095 0.023709902370990223
1 0.07708551255230126 0.9790794979079499 0.010541608554160859 0.022315202231520316
1 0.08597999476987446 0.9853556485355648 0.008565056950255698 0.02092050209205027
1 0.08696827057182706 0.9546722454672245 0.009223907484890752 0.02092050209205013
1 0.2516809042305904 0.018131101813110184 0.009223907484890752 0.019525801952580198
1 0.28857653417015344 0.29358437935843795 0.009223907484890716 0.023709902370990223
1 0.27968205195258017 0.27684797768479774 0.011200459088795895 0.023709902370990184
1 0.3986045734542074 0.48953974895397495 0.007906206415620644 0.0167364016736402
1 0.5399280131334262 0.50418410041841 0.011200459088795967 0.020920502092050198
1 0.42462916957229196 0.3158995815899582 0.011200459088795967 0.023709902370990257
1 0.5613406555090655 0.3828451882845188 0.011859309623430932 0.02370990237099015
1 0.6232726057647606 0.18549511854951184 0.009223907484890787 0.019525801952580225
1 0.7744788034635053 0.3410041841004184 0.009882758019525824 0.020920502092050198
1 0.7741493781961879 0.47489539748953974 0.010541608554160859 0.023709902370990223
1 0.6631330631101813 0.5620641562064157 0.009882758019525824 0.019525801952580225
1 0.6983815667131565 0.5732217573221757 0.009223907484890645 0.019525801952580083
1 0.7570192642956765 0.5794979079497908 0.011859309623430932 0.023709902370990223
1 0.8100567323337984 0.5467224546722455 0.009882758019525824 0.019525801952580153
1 0.929967529637378 0.5271966527196653 0.008565056950255752 0.01673640167364013
1 0.9892640777545327 0.5034867503486751 0.011200459088795895 0.025104602510460268
1 0.5204919223616922 0.5111576011157601 0.006588505346350431 0.018131101813110177
