2 0.5865686333938733 0.737380140277227 0.2011514498321802 0.525239719445545
1 0.5658769925435384 0.2250291010510698 0.00875555674235026 0.01935780114086618
1 0.16053203741709388 0.7370954385271672 0.009845113754272461 0.02069832024789829
1 0.09222971598307293 0.9125963103810639 0.010621802012125653 0.022837107867626792
1 0.845001220703125 0.5639700758154889 0.01258544921875 0.02752991732057952
2 0.7506764017776352 0.16514933963594783 0.05948398843691645 0.3295929056018295
1 0.4328330039978027 0.3579347015347213 0.01059894561767578 0.021062882495951625
1 0.10473101139068604 0.08188319600535333 0.009323358535766602 0.018972865801793342
1 0.2718296527862549 0.4324310538261439 0.009495067596435546 0.021813574541758543
1 0.6850975672403972 0.009168253712512167 0.009580612182617188 0.018336507425024334
1 0.12236372232437134 0.9025557243574284 0.013402819633483887 0.028536593638023702
1 0.12965567111968995 0.029751893309537474 0.011086130142211914 0.02231756670866675
1 0.895294189453125 0.8569969841768881 0.011145401000976562 0.02483572323766538
1 0.9656269073486328 0.5336619990137471 0.01363983154296875 0.029931990550923375
1 0.670443512328222 0.16943477696964276 0.009236907958984375 0.018877023110184674
1 0.7091993967692057 0.9456906891710308 0.009577560424804687 0.01993608737596472
1 0.337910795211792 0.28399218272216525 0.014124774932861328 0.029989509624577936
1 0.1823477904001872 0.8054956942960998 0.009824371337890625 0.02323481213823043
1 0.46382932662963866 0.3504188142248656 0.011705589294433594 0.02612654613423374
1 0.03546644747257233 0.9384790860042551 0.012000435590744018 0.024661904264574142
1 0.723454475402832 0.80284981690799 0.011179351806640625 0.023706202733082965
1 0.17745988368988036 0.4790455945402943 0.009733343124389648 0.020965475231704795
1 0.023862797021865844 0.7514979184791035 0.01258910894393921 0.02785080612165794
1 0.028616441289583846 0.17810451419245713 0.009749911228815715 0.02292972047378893
1 0.13155369361241656 0.6268238206419686 0.010042421023050944 0.021963167874000825
1 0.33485582669576014 0.3882134888637421 0.010195446014404298 0.022398051773962927
1 0.6561168352762858 0.18733061398271691 0.00837243398030599 0.01927285998763954
1 0.16602783203125 0.9810318615628446 0.010443305969238282 0.02193631778872657
1 0.4460220654805502 0.7333027125719233 0.00875263214111328 0.020991181328383412
1 0.04316103061040242 0.04127703480578573 0.007664299011230469 0.016498393234370693
1 0.7504429499308268 0.9681055306599711 0.013527297973632812 0.03048473892296031
1 0.8654001772431427 0.8584379358437936 0.00856505695025561 0.02092050209205013
1 0.8594705224314274 0.8465829846582984 0.009882758019525824 0.022315202231520174
1 0.7507601842166435 0.995118549511855 0.011200459088795753 0.009762900976290042
1 0.726712139702464 0.20641562064156208 0.010541608554160859 0.022315202231520247
1 0.6634624883774989 0.1603905160390516 0.010541608554160859 0.022315202231520247
1 0.659179959902371 0.12831241283124128 0.008565056950255752 0.016736401673640166
1 0.6628036378428638 0.09553695955369594 0.009223907484890787 0.02092050209205022
1 0.666097890516039 0.07880055788005579 0.010541608554160859 0.02370990237099024
1 0.6763100738028824 0.06973500697350069 0.009882758019525966 0.019525801952580198
1 0.6005422623198513 0.20432357043235705 0.009882758019525895 0.020920502092050198
1 0.5626583565783356 0.2796373779637378 0.009223907484890787 0.020920502092050198
1 0.5376220362622037 0.3542538354253836 0.010541608554160859 0.022315202231520174
1 0.400251699790795 0.3556485355648536 0.009882758019525824 0.022315202231520247
1 0.3254721641097164 0.25313807531380755 0.009223907484890787 0.020920502092050236
1 0.0042825284751278475 0.9616457461645745 0.008565056950255695 0.023709902370990223
1 0.6789454759414226 0.608786610878661 0.011200459088795895 0.023709902370990292
