0 0.7707875697350067 0.49999999999999967 0.4584248605299856 0.9999999999999993
2 0.08169746629474618 0.39121338912133874 0.16339493258949234 0.7824267782426775
2 0.6153663993491398 0.7364016736401673 0.2582694095769405 0.5271966527196653
2 0.3020829701301717 0.6980474198047409 0.6041659402603434 0.6039051603905162
1 0.34556710541608554 0.7775453277545329 0.01251816015806611 0.023709902370990223
1 0.34787308228730823 0.8131101813110182 0.010541608554160859 0.022315202231520174
1 0.345237680148768 0.8500697350069735 0.013177010692701146 0.026499302649930313
1 0.18909010344026037 0.8235704323570431 0.011859309623430967 0.02649930264993017
1 0.2147852742910274 0.714086471408647 0.011859309623430967 0.022315202231520316
1 0.048754939562993954 0.8500697350069735 0.010541608554160859 0.02092050209205027
1 0.07181470827522084 0.016736401673640166 0.01054160855416085 0.022315202231520222
1 0.08828597164109717 0.06276150627615064 0.010541608554160859 0.02231520223152022
