2 0.04974321536494654 0.359832635983264 0.09948643072989308 0.7168758716875878
1 0.21511469955834495 0.044630404463040445 0.007247355880985609 0.01673640167364017
1 0.4572422710367271 0.04741980474198048 0.006588505346350502 0.01673640167364017
1 0.5056677853324035 0.08089260808926081 0.009882758019525753 0.02231520223152022
1 0.5139034170153417 0.15271966527196654 0.007906206415620573 0.018131101813110194
1 0.5218096234309624 0.294281729428173 0.009223907484890787 0.022315202231520212
1 0.462842500581125 0.3221757322175732 0.009882758019525824 0.022315202231520212
1 0.4638307763830776 0.18828451882845187 0.010541608554160859 0.022315202231520212
1 0.4549362941655044 0.100418410041841 0.011200459088795895 0.019525801952580187
1 0.43286480125523014 0.11157601115760113 0.007906206415620716 0.01673640167364015
1 0.4177112389586239 0.2280334728033473 0.009223907484890787 0.020920502092050198
1 0.4084873314737331 0.30962343096234307 0.009223907484890716 0.019525801952580187
1 0.4526303172942817 0.3626220362622036 0.010541608554160859 0.022315202231520247
1 0.4549362941655044 0.5083682008368201 0.009882758019525824 0.020920502092050198
1 0.37752135634588563 0.47768479776847983 0.007906206415620716 0.015341701534170155
1 0.3406257264063226 0.599023709902371 0.006588505346350502 0.015341701534170155
1 0.32250733670385867 0.6450488145048814 0.007247355880985573 0.015341701534170084
1 0.2809997530218503 0.7350069735006973 0.008565056950255645 0.019525801952580083
1 0.29450618898186887 0.9825662482566249 0.00790620641562061 0.02092050209205013
1 0.3930043439098094 0.9351464435146443 0.008565056950255752 0.018131101813110177
1 0.39531032078103207 0.9825662482566248 0.010541608554160859 0.018131101813110177
1 0.4275939969781497 0.7963737796373781 0.006588505346350644 0.01673640167364013
1 0.5718822640632264 0.594839609483961 0.01054160855416093 0.020920502092050198
1 0.7006875435843795 0.304044630404463 0.00856505695025561 0.022315202231520212
1 0.726712139702464 0.27684797768479774 0.013177010692701004 0.02649930264993021
1 0.7497719084146908 0.37935843793584384 0.011859309623431074 0.03068340306834024
1 0.7807378835425384 0.46164574616457466 0.010541608554160859 0.025104602510460268
1 0.7112291521385401 0.4421199442119944 0.008565056950255752 0.01673640167364013
1 0.7296769671083218 0.5139470013947002 0.009882758019525682 0.020920502092050198
1 0.6413909954672247 0.6994421199442121 0.009882758019525824 0.02092050209205027
1 0.6759806485355649 0.7859135285913529 0.010541608554160859 0.023709902370990223
1 0.7033229457229195 0.8361227336122734 0.01251816015806611 0.026499302649930313
1 0.752407310553231 0.7894002789400278 0.013177010692701146 0.03068340306834031
1 0.7632783443747095 0.9539748953974896 0.008565056950255752 0.019525801952580225
1 0.9121785652022315 0.7921896792189679 0.009882758019525682 0.022315202231520174
2 0.567270310320781 0.3744769874476988 0.15680642724314275 0.3110181311018132
2 0.5293864045792654 0.802649930264993 0.23652734193398417 0.3947001394700139
