2 0.45027468535912313 0.45358810090097207 0.1239080932294418 0.15059136693613617
1 0.9831540743509929 0.32499373498010264 0.008647346496582031 0.019664558318116043
1 0.35875663757324217 0.5871175242364078 0.010858535766601562 0.023546448090373488
1 0.480710506439209 0.8760436877131856 0.010677528381347657 0.02237056240094405
1 0.7631261825561524 0.676999429620745 0.01071014404296875 0.024785724206691017
1 0.43828954696655276 0.9441216751653804 0.01071319580078125 0.02548577793377894
1 0.5670867919921875 0.809199996662245 0.010692596435546875 0.023025664105567806
1 0.058221367994944255 0.5639454968840443 0.011896920204162598 0.025909121007614385
1 0.13148655096689862 0.6379869286517192 0.009044472376505535 0.01905339923425441
1 0.6321974436442057 0.7557421834623932 0.01041539510091146 0.022649964792068635
1 0.23773689270019532 0.8359041224503858 0.009462928771972657 0.022289204623759648
1 0.9395359039306641 0.6661300238595644 0.01122283935546875 0.024138832302577174
1 0.20486330191294352 0.19150707240667206 0.008276414871215821 0.018300755678490214
1 0.9933507919311524 0.6657410677370451 0.010239410400390624 0.022516521887058983
1 0.8762823104858398 0.6673760966140091 0.012049484252929687 0.025750644940394158
1 0.20578155517578126 0.8476265062965131 0.009889888763427734 0.021756644285763505
1 0.227901832262675 0.21562636437463392 0.008866071701049805 0.019290019816574213
1 0.600607967376709 0.7587996612178713 0.013119697570800781 0.027908140138333794
1 0.9654973983764649 0.25840966204692667 0.008827972412109374 0.020456534893536382
1 0.00435140480597814 0.16717338351719696 0.00845505694548289 0.021291764331889125
1 0.3105508804321289 0.3222267966811949 0.010274314880371093 0.021962696819873208
1 0.24746387004852294 0.10302508941953212 0.013203573226928712 0.028104519239465615
1 0.34573162396748863 0.36138167376029323 0.0075510978698730465 0.01777418445725951
1 0.42313613891601565 0.9910498369883546 0.010428428649902344 0.017900326023291068
1 0.8481162071228028 0.6382337946613148 0.01067943572998047 0.02397975059433572
1 0.07775829235712688 0.6249089856131994 0.00877845287322998 0.019064166185742835
1 0.5133745511372884 0.8590339568116042 0.012261581420898438 0.02706125211032249
1 0.7828248341878257 0.6555221540793826 0.010523732503255208 0.023590121537348397
1 0.20398924350738526 0.1674288462646215 0.009619855880737304 0.021572579885396567
1 0.6504116694132488 0.47473555021275493 0.013313674926757812 0.02822650543515711
1 0.9955343246459961 0.22644206155358496 0.00811614990234375 0.021422734202728777
1 0.4249585948396095 0.5592747559274757 0.010541608554160859 0.022315202231520174
1 0.09948643072989306 0.4198047419804742 0.010541608554160841 0.022315202231520247
1 0.04941379009762901 0.5334728033472803 0.010541608554160859 0.020920502092050198
1 0.22433860704323572 0.8347280334728033 0.011200459088795895 0.023709902370990223
1 0.6996992677824267 0.7078103207810321 0.011859309623430932 0.026499302649930313
1 0.9253555758949327 0.37308228730822873 0.009882758019525824 0.020920502092050198
1 0.8117038586703859 0.12482566248256624 0.011859309623430932 0.023709902370990223
