2 0.07281243986221082 0.6157601115760108 0.14562487972442165 0.5564853556485353
2 0.4091095831714523 0.29220804175401943 0.2086872961841477 0.4725282060332107
1 0.6715265909830728 0.08072405166373625 0.020076751708984375 0.04505620533733936
1 0.8135705629984539 0.30621024976097366 0.018218421936035158 0.04001396204434261
1 0.8416629791259765 0.3929261330601399 0.018716049194335938 0.039704748656284455
1 0.808936882019043 0.3569328535220852 0.016106796264648438 0.03361455713375138
1 0.7938813527425129 0.10677410828107775 0.01884320576985677 0.04109112824731257
1 0.8023494402567545 0.41431882073887133 0.019923082987467446 0.0401305815876516
1 0.9030102729797364 0.6539468144897326 0.017998313903808592 0.03502502777873484
1 0.7876729965209961 0.21825948965457465 0.01791839599609375 0.04391679690191738
1 0.8444524447123211 0.5509287067653063 0.018889427185058594 0.033978850208017504
1 0.8566734313964843 0.6897561473909524 0.017620849609375 0.037807611804024255
1 0.6566605885823568 0.041275253632365665 0.01912867228190104 0.042315637657897344
1 0.7904514630635581 0.2707680110237433 0.011063321431477863 0.025054544703305884
2 0.17794780744502048 0.5313807531380751 0.35589561489004096 0.9372384937238487
1 0.484344482421875 0.9820531742049684 0.009812736511230468 0.02115302206794377
1 0.8634455680847168 0.3870451905104396 0.020367240905761717 0.04047842141417448
1 0.8614582061767578 0.5670021502947991 0.019850540161132812 0.04385201013600813
1 0.5315618991851807 0.5644118068236632 0.00851736068725586 0.02055949386714443
1 0.6095390955607096 0.018751157026700962 0.018944931030273438 0.037502314053401924
1 0.8665781021118164 0.6456520560032214 0.018106842041015626 0.03919850005598815
1 0.8938599268595379 0.6343016703310193 0.019777297973632812 0.04404120566169377
1 0.8903717994689941 0.6283969395478742 0.01745891571044922 0.03869904809381891
1 0.836419677734375 0.46923431093663864 0.018753433227539064 0.04114684722126515
1 0.8190055847167969 0.46206432876671033 0.017617416381835938 0.04015884483530871
1 0.9852523485819499 0.9285473134840995 0.01691570281982422 0.03929782518346885
1 0.5029559135437012 0.9321196870477881 0.012495994567871094 0.026449554678886444
1 0.9113611221313477 0.8210400431001068 0.01798553466796875 0.041371136279458376
1 0.8703380584716797 0.45765677623475404 0.017568206787109374 0.03542777905784868
1 0.7714927355448405 0.27750740766262405 0.012392616271972657 0.02829696167395948
1 0.8207427024841308 0.17607065387965562 0.01944599151611328 0.04051618986119246
1 0.7834938685099284 0.39695295609344855 0.016793441772460938 0.03520056273471954
1 0.9374914169311523 0.6897061483599779 0.01650238037109375 0.03818607014884234
1 0.9188436190287272 0.7013490586454314 0.01763324737548828 0.037563471179024255
1 0.50497465133667 0.40178531533170825 0.009853172302246093 0.02214405265900634
1 0.9632519721984864 0.8288858533562741 0.019822120666503906 0.04007425697267778
1 0.9415531158447266 0.8066089634332794 0.019991683959960937 0.041291191664656834
1 0.9196439425150554 0.6620361597298787 0.017049217224121095 0.036152731360253584
1 0.15957132975260416 0.007675922692413498 0.008623123168945312 0.015351845384826996
1 0.8792519569396973 0.9557350099809641 0.010806083679199219 0.022580517954968304
1 0.5568521817525227 0.7446931714916966 0.008941205342610677 0.019647398489181365
1 0.8948530197143555 0.7396300798477122 0.02148895263671875 0.048749257080347295
1 0.9327455520629883 0.8050976199115386 0.015354537963867187 0.036516587027115494
1 0.809746265411377 0.22147040488044376 0.020197105407714844 0.04308086088237321
1 0.9444477081298828 0.5485299813839408 0.0099273681640625 0.024038094012713618
1 0.933471965789795 0.36442984819675106 0.010402488708496093 0.02065215694339168
1 0.6897561709086101 0.7566674347092062 0.012055397033691406 0.02797671216062569
1 0.936618423461914 0.13968047338651848 0.013021469116210938 0.02904815000893657
1 0.6321502685546875 0.04417535514789485 0.017258834838867188 0.037439617590183986
1 0.8102088928222656 0.25099124088308383 0.018089675903320314 0.042574494518544996
1 0.8581676483154297 0.4963216392575972 0.018724822998046876 0.049102345795720787
1 0.925629711151123 0.9596087235994349 0.016446876525878906 0.037143156310294925
1 0.8339970270792644 0.8765564301310985 0.013887786865234375 0.030523499948318635
1 0.9896527290344238 0.9697230295940429 0.020694541931152343 0.040832923291930806
1 0.682606283823649 0.6377752234680781 0.009086418151855468 0.02165025334636852
1 0.8573685328165691 0.5029201654772774 0.018117523193359374 0.045748709580864105
1 0.7922957420349122 0.35319095094253894 0.017482566833496093 0.052528154232273284
1 0.9584264755249023 0.5604839388038778 0.011719131469726562 0.025629281209085586
1 0.7905388514200847 0.3763911406023894 0.014656575520833333 0.0318883119896465
1 0.6309799830118815 0.060318243411567794 0.016485595703125 0.032574793469682416
1 0.4604570706685384 0.046101609033418464 0.011327743530273438 0.022765162761313917
1 0.8552882830301921 0.8894412746240181 0.014462852478027343 0.029616855339546583
1 0.6349334398905435 0.7814407432749619 0.012853177388509114 0.028909870387437985
1 0.7063234647115073 0.6349755132605774 0.010243924458821614 0.022632804963133957
1 0.5165666898091633 0.4528679726799373 0.009793663024902343 0.020390923782903806
1 0.03186640739440918 0.7412465357333586 0.010675930976867675 0.02355997407318082
1 0.4589780330657959 0.06839508468812987 0.010490322113037109 0.019161687007681144
1 0.5167515754699706 0.8578358979314532 0.010033798217773438 0.020761172327211964
1 0.9862137476603191 0.3603771676565084 0.010433578491210937 0.021711019328831307
1 0.8650115781471043 0.9366342319367225 0.01088409423828125 0.029201789359667864
1 0.797636232105647 0.016388147642226042 0.010454750061035157 0.028221811717242626
1 0.7815057436625164 0.34553865981601434 0.025646146138509116 0.047908896516675854
1 0.9902352333068848 0.6860832037710172 0.010802268981933594 0.02552413519845645
2 0.5692355624358085 0.2191196092565634 0.18826765918776067 0.4382392185131268
1 0.8166179656982422 0.25402946430109563 0.015883255004882812 0.03520500410220852
1 0.8567144393920898 0.02098790603015231 0.01201019287109375 0.027731021683429016
1 0.5706921577453613 0.6994745323912969 0.00944690704345703 0.022989863991868798
1 0.6105907122294109 0.023533147120028897 0.02441183725992839 0.047066294240057795
1 0.8747979799906414 0.7447423293545858 0.015132331848144531 0.036941881610908216
1 0.08230467240015667 0.6795773742743074 0.010104505221048991 0.02204432377084482
1 0.6451286951700845 0.040372705512167734 0.014392471313476563 0.03698184130078771
1 0.6637008666992188 0.6694538827242111 0.012297439575195312 0.025031749048201487
1 0.9133837381998698 0.1167606632512545 0.012124633789062499 0.02600299536590408
1 0.8612213770548504 0.6881057756081174 0.01851043701171875 0.03622056315463065
1 0.6444412231445312 0.05547822113205343 0.013623428344726563 0.031501277936201506
1 0.783957576751709 0.3922458804297736 0.019016075134277343 0.03876718270870659
1 0.8111282348632812 0.30780944487751516 0.019275665283203125 0.04599964684399118
1 0.8468960762023926 0.5139172942004894 0.016832923889160155 0.029423050212754962
1 0.5244450255695026 0.8403068340306834 0.010541608554160788 0.023709902370990223
1 0.5389397373314737 0.8047419804741981 0.010541608554160859 0.022315202231520174
1 0.5613406555090655 0.714086471408647 0.010541608554160859 0.022315202231520316
1 0.6473206502789401 0.7224546722454673 0.008565056950255752 0.019525801952580225
1 0.6575328335657834 0.7085076708507672 0.009223907484890787 0.019525801952580225
1 0.6786160506741051 0.6827057182705718 0.010541608554160859 0.023709902370990223
1 0.8703415562529057 0.892608089260809 0.009223907484890787 0.019525801952580225
1 0.8604587982333798 0.8940027894002789 0.011859309623430932 0.022315202231520174
1 0.851234890748489 0.9721059972105996 0.007906206415620716 0.01673640167364013
1 0.8756123605299859 0.9309623430962343 0.011859309623431074 0.026499302649930313
1 0.9302969549046955 0.9086471408647141 0.015812412831241147 0.03486750348675031
1 0.9382031613203161 0.9211994421199442 0.018447814969781574 0.0376569037656904
1 0.9464387930032543 0.9456066945606695 0.016471263365876326 0.03626220362622035
1 0.95500384995351 0.9044630404463041 0.020424366573686542 0.04323570432357045
1 0.9645571827057182 0.5906555090655509 0.006588505346350502 0.018131101813110107
1 0.9862992503486752 0.5585774058577405 0.013177010692701146 0.029288702928870335
1 0.9941379009762901 0.5732217573221757 0.011724198047419776 0.027894002789400362
1 0.9915700546257554 0.17433751743375175 0.013177010692701146 0.027894002789400255
1 0.9395208623895863 0.040446304044630406 0.013177010692701004 0.027894002789400286
1 0.8894482217573221 0.03765690376569038 0.013177010692701146 0.027894002789400286
1 0.7846909867503488 0.018131101813110184 0.011859309623431074 0.02510460251046025
1 0.5185153707577871 0.5132496513249651 0.009223907484890787 0.019525801952580153
1 0.4730546838679684 0.09553695955369594 0.009223907484890787 0.01813110181311016
1 0.4783254881450488 0.101813110181311 0.007906206415620716 0.02231520223152023
1 0.6301905363784287 0.07880055788005579 0.013835861227336039 0.02092050209205022
1 0.2500337778940028 0.01882845188284519 0.009882758019525824 0.02092050209205021
1 0.25958711064621104 0.9714086471408647 0.010541608554160824 0.026499302649930313
1 0.16504205892608093 0.6450488145048814 0.012518160158066003 0.029288702928870335
