1 0.005600229544397955 0.8417015341701535 0.007247355880985589 0.015341701534170226
1 0.028659998256624828 0.9741980474198048 0.01120045908879591 0.023709902370990223
1 0.1245227510460251 0.8695955369595538 0.007906206415620627 0.018131101813110177
1 0.06621447873082287 0.7099023709902371 0.007247355880985582 0.01673640167364013
1 0.09190964958158997 0.7085076708507672 0.0072473558809855905 0.01673640167363999
1 0.11496941829381684 0.7510460251046024 0.007247355880985573 0.015341701534170084
1 0.1452765428870293 0.7294281729428173 0.011200459088795913 0.022315202231520174
1 0.11365171722454673 0.697350069735007 0.007247355880985573 0.01673640167364013
1 0.12024022257089725 0.6729428172942817 0.005929654811715483 0.015341701534170084
1 0.11628711936308694 0.6178521617852162 0.007247355880985573 0.0167364016736402
1 0.14198229021385403 0.599721059972106 0.012518160158066003 0.02789400278940029
1 0.2045730910041841 0.6541143654114364 0.007247355880985609 0.01673640167364013
1 0.2019376888656439 0.697350069735007 0.011200459088795895 0.02510460251046041
1 0.21610297536029754 0.7168758716875872 0.011859309623430932 0.025104602510460126
1 0.2688110181311018 0.6987447698744771 0.007906206415620644 0.019525801952580225
1 0.30998917654579267 0.7531380753138075 0.008565056950255681 0.019525801952580225
1 0.2688110181311018 0.8179916317991632 0.007906206415620644 0.018131101813110177
1 0.2543163063691306 0.8723849372384936 0.00790620641562061 0.018131101813110177
1 0.2576105590423059 0.911436541143654 0.007906206415620681 0.02092050209205027
1 0.2915413615760112 0.9163179916317992 0.007247355880985609 0.019525801952580083
1 0.2991181427243143 0.9400278940027894 0.006588505346350502 0.016736401673640273
1 0.2918707868433287 0.8403068340306834 0.009223907484890787 0.023709902370990223
1 0.39201606810785683 0.8863319386331938 0.011859309623430932 0.026499302649930313
1 0.1390174628079963 0.4386331938633194 0.007906206415620644 0.018131101813110177
1 0.028989423523942355 0.3152022315202232 0.010541608554160855 0.027894002789400255
1 0.0382133310088331 0.26220362622036264 0.007906206415620641 0.016736401673640166
1 0.086309420037192 0.36959553695955366 0.009223907484890752 0.019525801952580153
1 0.09586275278940029 0.3437935843793584 0.008565056950255698 0.015341701534170084
1 0.10080413179916317 0.3556485355648536 0.007906206415620627 0.0167364016736402
1 0.11134574035332402 0.3249651324965132 0.009223907484890735 0.019525801952580187
1 0.14725309449093443 0.3319386331938633 0.011200459088795913 0.025104602510460268
1 0.12287562470943747 0.28451882845188287 0.007247355880985573 0.016736401673640166
1 0.12880527952115295 0.2663877266387727 0.007247355880985573 0.019525801952580187
1 0.13638206066945607 0.2775453277545328 0.007906206415620644 0.019525801952580187
1 0.14593539342166434 0.2419804741980474 0.008565056950255698 0.018131101813110177
1 0.16339493258949325 0.22036262203626222 0.007906206415620627 0.019525801952580187
1 0.024048044514179454 0.07601115760111575 0.008565056950255693 0.018131101813110177
1 0.024377469781496977 0.09693165969316596 0.007906206415620641 0.015341701534170138
1 0.05139034170153417 0.08298465829846582 0.007906206415620644 0.018131101813110177
1 0.2553045821710832 0.01813110181311018 0.020424366573686684 0.03626220362622036
1 0.2918707868433287 0.044630404463040445 0.017130113900511394 0.03626220362622035
1 0.28165860355648537 0.07043235704323571 0.01910666550441654 0.03765690376569036
1 0.3037300964667597 0.09623430962343091 0.021083217108321645 0.047419804741980445
1 0.313942279753603 0.15760111576011165 0.017788964435146448 0.04184100418410045
1 0.29878871745699676 0.15620641562064158 0.021742067642956754 0.04741980474198046
1 0.4091461820083682 0.1387726638772664 0.011859309623430932 0.02649930264993028
1 0.4005811250581125 0.1589958158995816 0.010541608554160859 0.019525801952580187
1 0.41211100941422596 0.18549511854951184 0.005929654811715466 0.016736401673640166
1 0.38476871222687126 0.2949790794979079 0.022400918177591864 0.04602510460251047
1 0.43912388133426317 0.2615062761506276 0.012518160158066038 0.02649930264993028
1 0.437147329730358 0.15341701534170155 0.011200459088795895 0.025104602510460233
1 0.4473595130172013 0.16317991631799164 0.010541608554160859 0.025104602510460216
1 0.47799606287773133 0.2405857740585774 0.015153562296606254 0.03486750348675034
1 0.48425514295676436 0.3856345885634589 0.013177010692701075 0.029288702928870265
1 0.572870539865179 0.8354253835425384 0.009882758019525753 0.022315202231520174
1 0.5956008833100884 0.9686192468619247 0.007906206415620644 0.01813110181311032
1 0.6245903068340307 0.7817294281729429 0.007906206415620644 0.02092050209205027
1 0.6394144438633194 0.8263598326359832 0.007247355880985538 0.018131101813110177
1 0.6463323744769874 0.8507670850767084 0.006588505346350644 0.019525801952580225
1 0.6786160506741051 0.8298465829846583 0.007906206415620716 0.019525801952580083
1 0.70859375 0.8131101813110182 0.009882758019525682 0.022315202231520174
1 0.7846909867503488 0.7587168758716877 0.009223907484890787 0.022315202231520316
1 0.7949031700371921 0.7566248256624826 0.008565056950255752 0.02092050209205013
1 0.8031388017201302 0.7880055788005579 0.009223907484890787 0.019525801952580083
1 0.8044565027894004 0.8633193863319386 0.009223907484890645 0.019525801952580083
1 0.7958914458391446 0.9741980474198048 0.009223907484890787 0.018131101813110177
1 0.8433286843328685 0.9679218967921898 0.009223907484890787 0.019525801952580225
1 0.9270027022315201 0.9658298465829848 0.013177010692701004 0.02649930264993017
1 0.9375443107856811 0.7754532775453277 0.009223907484890537 0.02231520223152018
1 0.8775889121338912 0.7524407252440725 0.010541608554160859 0.023709902370990365
1 0.8683650046490006 0.694560669456067 0.013177010692701004 0.027894002789400362
1 0.948744769874477 0.6799163179916318 0.011859309623430932 0.026499302649930313
1 0.9431445403300791 0.6122733612273361 0.011200459088795753 0.03068340306834031
1 0.9484153446071595 0.5090655509065551 0.011200459088796038 0.025104602510460268
1 0.8571645455602046 0.5850767085076708 0.011859309623430932 0.02649930264993017
1 0.8677061541143655 0.6206415620641562 0.014494711761971217 0.03068340306834024
1 0.6931107624360763 0.6827057182705718 0.007906206415620573 0.018131101813110177
1 0.694757888772664 0.6485355648535566 0.00856505695025561 0.019525801952580225
1 0.6170135256857275 0.598326359832636 0.007247355880985609 0.01673640167364013
1 0.6443558228730822 0.5578800557880057 0.009223907484890645 0.019525801952580153
1 0.6516031787540679 0.5027894002789401 0.009223907484890787 0.020920502092050198
1 0.6321670879823338 0.37238493723849375 0.009882758019525753 0.022315202231520174
1 0.5965891591120409 0.13179916317991633 0.008565056950255752 0.018131101813110194
1 0.5715528387959088 0.08368200836820083 0.008565056950255681 0.01673640167364016
1 0.5587052533705253 0.05927475592747559 0.007906206415620573 0.015341701534170147
1 0.5069854864016737 0.012552301255230125 0.008565056950255681 0.016736401673640166
1 0.672356970595072 0.03486750348675034 0.011200459088796038 0.025104602510460247
1 0.6927813371687587 0.07252440725244072 0.011200459088795753 0.02510460251046025
1 0.7039817962575546 0.13668061366806136 0.009882758019525682 0.019525801952580205
1 0.7389008745932125 0.15690376569037656 0.01251816015806611 0.02649930264993026
1 0.7576781148303116 0.20502092050209203 0.013177010692701004 0.03068340306834031
1 0.8126921344723386 0.3556485355648536 0.011200459088795895 0.025104602510460195
1 0.8275162715016272 0.4553695955369595 0.013177010692701004 0.029288702928870335
1 0.8413521327289634 0.5055788005578801 0.010541608554160859 0.023709902370990223
1 0.8927424744304975 0.42817294281729423 0.005270804277080288 0.01673640167364013
1 0.881212590074384 0.33054393305439334 0.008565056950255752 0.019525801952580153
1 0.9220613232217574 0.3556485355648536 0.01251816015806611 0.02789400278940029
1 0.9345794833798234 0.40027894002789405 0.012518160158065967 0.025104602510460268
1 0.9754282165271967 0.35146443514644354 0.01251816015806611 0.03068340306834031
1 0.9533567236169225 0.297768479776848 0.007906206415620573 0.02092050209205027
1 0.961262930032543 0.3054393305439331 0.006588505346350644 0.013947001394700145
1 0.8976838534402602 0.24267782426778242 0.012518160158065967 0.02789400278940029
1 0.8828597164109716 0.20292887029288703 0.011859309623430932 0.023709902370990223
1 0.9431445403300791 0.18898186889818688 0.01383586122733618 0.0292887029288703
1 0.8538702928870293 0.11506276150627617 0.011859309623430932 0.02649930264993026
1 0.8077507554625756 0.0397489539748954 0.013177010692701004 0.0292887029288703
1 0.787985239423524 0.007670850767085076 0.01581241283124129 0.015341701534170152
2 0.16174780625290563 0.03486750348675035 0.12452275104602512 0.0697350069735007
2 0.3995928492561599 0.2859135285913529 0.23520964086471416 0.5718270571827058
2 0.38938066596931653 0.711297071129707 0.2622225127847511 0.5774058577405855
