1 0.049084364830311485 0.9442119944211994 0.009882758019525806 0.022315202231520174
1 0.11134574035332402 0.9365411436541143 0.007906206415620662 0.015341701534170084
1 0.13572321013482103 0.9281729428172943 0.007906206415620644 0.018131101813110177
1 0.196996309855881 0.9225941422594142 0.009223907484890752 0.018131101813110177
1 0.2256563081125058 0.9037656903765691 0.009882758019525824 0.019525801952580225
1 0.277705500348675 0.8981868898186889 0.009882758019525824 0.022315202231520316
1 0.34194342747559275 0.8884239888423988 0.010541608554160859 0.022315202231520174
1 0.36500319618781957 0.8751743375174337 0.007906206415620644 0.018131101813110177
1 0.3923454933751744 0.8598326359832638 0.009882758019525824 0.02092050209205027
1 0.4203466410971642 0.8591352859135287 0.01054160855416093 0.022315202231520316
1 0.7336300703161319 0.6882845188284519 0.009882758019525824 0.02092050209205013
1 0.7632783443747094 0.6722454672245468 0.011200459088796038 0.022315202231520316
1 0.7902912162947467 0.6889818688981869 0.009882758019525824 0.019525801952580083
1 0.7033229457229195 0.8375174337517435 0.01251816015806611 0.023709902370990223
1 0.837399029521153 0.7468619246861925 0.006588505346350644 0.015341701534170084
1 0.8509054654811714 0.7928870292887029 0.009882758019525824 0.02092050209205013
1 0.8476112128079962 0.893305439330544 0.009882758019525966 0.02092050209205027
1 0.7596546664342166 0.608089260808926 0.009223907484890787 0.019525801952580225
1 0.7860086878196187 0.6624825662482567 0.007906206415620716 0.01673640167364013
1 0.8202689156206415 0.6450488145048814 0.009223907484890787 0.02092050209205027
1 0.874953509995351 0.6464435146443515 0.010541608554161001 0.023709902370990223
1 0.8980132787075779 0.6366806136680613 0.010541608554160859 0.02370990237099015
1 0.9935466062296606 0.44490934449093444 0.009223907484890787 0.019525801952580153
1 0.8970250029056254 0.1317991631799163 0.009882758019525824 0.02370990237099024
1 0.08828597164109717 0.8570432357043236 0.013177010692701075 0.026499302649930313
1 0.08993309797768478 0.603905160390516 0.008565056950255698 0.019525801952580225
1 0.09421562645281265 0.6290097629009763 0.010541608554160859 0.022315202231520247
1 0.11694596989772199 0.6227336122733612 0.011200459088795895 0.023709902370990223
1 0.13341723326359833 0.6555090655509065 0.009882758019525824 0.019525801952580225
1 0.17690136854951186 0.6457461645746164 0.009882758019525824 0.022315202231520174
1 0.20885561947931194 0.6443514644351463 0.009223907484890752 0.019525801952580225
1 0.2539868811018131 0.6052998605299861 0.011200459088795932 0.025104602510460195
1 0.24970435262668528 0.5390516039051605 0.010541608554160859 0.023709902370990223
1 0.2724346960715946 0.5446304044630403 0.011200459088795895 0.023709902370990292
1 0.2859411320316132 0.605997210599721 0.007906206415620681 0.018131101813110177
1 0.2948356142491864 0.5871687587168758 0.011200459088795895 0.025104602510460268
1 0.3221779114365411 0.596931659693166 0.009223907484890716 0.022315202231520247
1 0.34391997907949784 0.5941422594142259 0.009223907484890716 0.019525801952580083
1 0.3538027370990237 0.5620641562064157 0.010541608554160859 0.022315202231520174
1 0.09915700546257554 0.14225941422594143 0.009882758019525806 0.019525801952580187
1 0.1120045908879591 0.200836820083682 0.010541608554160841 0.022315202231520247
2 0.6054836413296142 0.2663877266387727 0.2385038935378895 0.5327754532775454
2 0.3379903242677824 0.08577405857740583 0.09750987912598812 0.17154811715481166
2 0.3676385983263598 0.18619246861924674 0.5099503138075314 0.3723849372384935
