1 0.02009494130636913 0.029288702928870293 0.008565056950255697 0.01673640167364017
1 0.03689562993956299 0.009065550906555088 0.011859309623430963 0.018131101813110177
1 0.01317701069270107 0.45955369595536966 0.006588505346350535 0.015341701534170155
1 0.02964827405857741 0.45397489539748953 0.007906206415620641 0.018131101813110177
1 0.018447814969781495 0.6743375174337517 0.006588505346350535 0.02092050209205013
1 0.037883905741515574 0.6834030683403068 0.005929654811715479 0.013947001394700181
1 0.011529884356113436 0.7845188284518828 0.007247355880985588 0.015341701534170226
1 0.02009494130636913 0.8298465829846583 0.007247355880985589 0.016736401673640273
1 0.05764942178056718 0.9037656903765691 0.01251816015806602 0.025104602510460268
1 0.07016758193863319 0.9490934449093444 0.007247355880985582 0.015341701534170226
1 0.07082643247326825 0.7085076708507672 0.005929654811715475 0.013947001394700181
1 0.08037976522547652 0.7147838214783822 0.006588505346350529 0.015341701534170226
1 0.09816872966062297 0.7203626220362622 0.007906206415620644 0.015341701534170226
1 0.11727539516503951 0.7315202231520224 0.005270804277080429 0.012552301255230134
1 0.14922964609483957 0.7426778242677824 0.005929654811715483 0.012552301255230134
1 0.16800688633193864 0.7677824267782427 0.00790620641562061 0.018131101813110177
1 0.18909010344026037 0.812412831241283 0.007906206415620644 0.018131101813110177
1 0.20490251627150166 0.7852161785216178 0.006588505346350537 0.016736401673640273
1 0.16603033472803347 0.8556485355648537 0.014494711761971181 0.023709902370990223
1 0.15746527777777777 0.8695955369595538 0.006588505346350519 0.015341701534170084
1 0.18085447175732217 0.8682008368200838 0.007247355880985609 0.015341701534170084
1 0.1736071158763366 0.8793584379358438 0.007247355880985538 0.015341701534170084
1 0.11958137203626219 0.5641562064156207 0.009882758019525806 0.023709902370990223
1 0.13506435960018595 0.5620641562064157 0.010541608554160841 0.022315202231520174
1 0.16471263365876335 0.5453277545327755 0.009223907484890716 0.019525801952580225
1 0.17327769060901907 0.5313807531380753 0.009223907484890752 0.0167364016736402
1 0.17327769060901907 0.5453277545327755 0.009223907484890752 0.019525801952580225
1 0.19238435611343563 0.4811715481171548 0.013177010692701075 0.025104602510460268
1 0.2167618258949326 0.9630404463040446 0.006588505346350537 0.015341701534170226
1 0.22565630811250578 0.9470013947001393 0.007247355880985573 0.01673640167364013
1 0.25003377789400283 0.8870292887029287 0.008565056950255716 0.01673640167364013
1 0.2836351551603905 0.7907949790794979 0.007247355880985573 0.013947001394700039
1 0.3037300964667597 0.7496513249651323 0.00790620641562061 0.018131101813110177
1 0.3198719345653184 0.6750348675034867 0.007247355880985609 0.019525801952580083
1 0.3241544630404464 0.6338912133891214 0.007906206415620644 0.018131101813110107
1 0.3356843473965598 0.5516039051603905 0.008565056950255752 0.018131101813110177
1 0.35742641503951644 0.46164574616457466 0.008565056950255681 0.019525801952580225
1 0.36763859832635987 0.4351464435146443 0.007906206415620644 0.01673640167364013
1 0.3742271036727104 0.2524407252440725 0.006588505346350502 0.016736401673640166
1 0.37818020688052073 0.2601115760111576 0.006588505346350573 0.015341701534170155
1 0.46646617852161787 0.21478382147838215 0.010541608554160859 0.025104602510460268
1 0.480960890283589 0.22105997210599718 0.010541608554160859 0.023709902370990257
1 0.49743215364946536 0.39888423988842403 0.006588505346350573 0.0167364016736402
1 0.48787882089725715 0.40237099023709905 0.005929654811715537 0.018131101813110177
1 0.4733841091352859 0.40446304044630405 0.005929654811715466 0.019525801952580225
1 0.45823054683867964 0.4511854951185495 0.005929654811715537 0.018131101813110177
1 0.44406526034402605 0.48675034867503486 0.006588505346350502 0.013947001394700181
1 0.41705238842398884 0.5516039051603905 0.007906206415620716 0.018131101813110177
1 0.41244043468154346 0.6394700139470014 0.006588505346350573 0.015341701534170155
1 0.47173698279869825 0.6666666666666665 0.009223907484890716 0.019525801952580225
1 0.4908436483031149 0.6868898186889818 0.011859309623431003 0.023709902370990223
1 0.34886135808926083 0.9895397489539749 0.007247355880985538 0.015341701534170084
1 0.42825284751278475 0.9211994421199443 0.006588505346350573 0.018131101813110177
1 0.43813560553231057 0.9504881450488145 0.006588505346350573 0.012552301255230134
1 0.44900663935378893 0.9721059972105998 0.004611953742445394 0.011157601115760087
1 0.45987767317526734 0.9958158995815899 0.006588505346350502 0.008368200836820137
1 0.5606818049744305 0.5767085076708508 0.009223907484890787 0.020920502092050198
1 0.6189900772896327 0.06834030683403068 0.009882758019525753 0.02231520223152022
1 0.6272257089725709 0.06485355648535565 0.005270804277080359 0.018131101813110177
1 0.5010558315899581 0.44490934449093444 0.007247355880985538 0.016736401673640273
1 0.5995539865178986 0.2105997210599721 0.010541608554160859 0.022315202231520212
1 0.6338142143189214 0.23640167364016737 0.005270804277080429 0.012552301255230134
1 0.6492972018828452 0.22454672245467225 0.009882758019525966 0.022315202231520247
1 0.6087778940027894 0.29567642956764295 0.009223907484890787 0.019525801952580187
1 0.6226137552301255 0.31450488145048816 0.009223907484890787 0.020920502092050236
1 0.6137192730125524 0.33891213389121333 0.00724735588098568 0.0167364016736402
1 0.6196489278242678 0.3458856345885634 0.005929654811715466 0.011157601115760087
1 0.6160252498837749 0.43793584379358436 0.013177010692701075 0.030683403068340383
1 0.6130604224779173 0.7991631799163179 0.012518160158065896 0.02789400278940022
1 0.6117427214086472 0.8535564853556485 0.01383586122733618 0.027894002789400362
1 0.6334847890516039 0.9156206415620641 0.015153562296606254 0.03486750348675031
1 0.6150369740818225 0.9881450488145049 0.007247355880985609 0.015341701534170226
1 0.6427086965364947 0.9769874476987448 0.008565056950255752 0.018131101813110177
1 0.6894870844955834 0.9574616457461644 0.005929654811715466 0.015341701534170084
1 0.714193979544398 0.9728033472803347 0.006588505346350502 0.018131101813110177
1 0.7748082287308229 0.8068340306834031 0.007906206415620431 0.018131101813110177
1 0.8176335134821013 0.8186889818688983 0.007906206415620716 0.019525801952580225
1 0.8423404085309159 0.8193863319386332 0.007247355880985538 0.018131101813110177
1 0.8733063836587632 0.8382147838214783 0.00724735588098568 0.019525801952580225
1 0.9019663819153882 0.8500697350069735 0.007906206415620716 0.018131101813110177
1 0.9210730474198047 0.8633193863319386 0.010541608554160859 0.019525801952580083
1 0.9658748837749884 0.9504881450488145 0.010541608554160859 0.023709902370990223
1 0.9757576417945143 0.9769874476987448 0.006588505346350502 0.012552301255229992
1 0.9632394816364481 0.8403068340306834 0.007906206415620716 0.02092050209205013
1 0.9477564940725245 0.7970711297071129 0.011200459088795753 0.023709902370990223
1 0.9671925848442585 0.797768479776848 0.006588505346350644 0.013947001394700181
1 0.9816872966062298 0.8040446304044631 0.006588505346350502 0.012552301255230134
1 0.9724633891213389 0.7656903765690376 0.010541608554160859 0.022315202231520174
1 0.998420429451418 0.7419804741980474 0.0031591410971640245 0.019525801952580225
1 0.9438033908647141 0.705020920502092 0.005929654811715466 0.012552301255230134
1 0.9332617823105532 0.7175732217573221 0.009882758019525682 0.02092050209205027
1 0.9177787947466294 0.6889818688981869 0.007906206415620573 0.016736401673640273
1 0.8640824761738726 0.5697350069735008 0.011200459088795753 0.023709902370990292
1 0.9069077609251511 0.5362622036262203 0.009882758019525824 0.020920502092050198
1 0.918767070548582 0.48744769874476984 0.009882758019525824 0.020920502092050198
1 0.9507213214783821 0.3598326359832636 0.003953103207810358 0.008368200836820137
1 0.9286498285681078 0.3284518828451883 0.009882758019525682 0.020920502092050236
1 0.8884599459553695 0.2873082287308229 0.008565056950255752 0.019525801952580187
1 0.8818714406090191 0.2803347280334728 0.00724735588098568 0.016736401673640166
1 0.8558468444909346 0.25453277545327757 0.009223907484890645 0.020920502092050236
1 0.8538702928870293 0.2175732217573222 0.009223907484890787 0.022315202231520212
1 0.9085548872617387 0.24128312412831243 0.006588505346350644 0.013947001394700145
1 0.8848362680148769 0.20711297071129706 0.010541608554160859 0.020920502092050236
1 0.9171199442119945 0.1778242677824268 0.006588505346350502 0.015341701534170192
1 0.9428151150627615 0.14225941422594143 0.009223907484890787 0.019525801952580187
1 0.9022958071827056 0.12482566248256624 0.011200459088795895 0.023709902370990223
1 0.8163158124128312 0.29497907949790797 0.009223907484890787 0.023709902370990223
1 0.8367401789865179 0.4044630404463041 0.006588505346350502 0.0167364016736402
1 0.8528820170850767 0.4574616457461646 0.007247355880985538 0.01673640167364013
1 0.8209277661552767 0.40934449093444913 0.009223907484890787 0.020920502092050198
1 0.7675608728498372 0.401673640167364 0.010541608554160859 0.022315202231520247
1 0.7365948977219898 0.3507670850767085 0.009223907484890645 0.02092050209205027
1 0.7191353585541609 0.37447698744769875 0.00856505695025561 0.018131101813110177
1 0.7250650133658764 0.403068340306834 0.009882758019525824 0.022315202231520174
1 0.7059583478614598 0.47210599721059965 0.009882758019525824 0.020920502092050198
1 0.7039817962575546 0.5760111576011159 0.008565056950255752 0.019525801952580153
1 0.7188059332868433 0.6297071129707114 0.010541608554160859 0.023709902370990292
1 0.7003581183170619 0.6324965132496514 0.007906206415620573 0.018131101813110177
1 0.6693921431892145 0.6290097629009762 0.009223907484890645 0.019525801952580225
1 0.6611565115062761 0.5948396094839609 0.00856505695025561 0.018131101813110107
1 0.6436969723384474 0.502092050209205 0.007906206415620573 0.019525801952580083
1 0.641720420734542 0.4609483960948396 0.009223907484890787 0.02092050209205027
1 0.6674155915853092 0.4532775453277545 0.007906206415620573 0.01673640167364013
1 0.6367790417247792 0.42189679218967924 0.008565056950255752 0.018131101813110177
1 0.6499560524174802 0.3905160390516039 0.011200459088796038 0.025104602510460268
1 0.6749923727336123 0.39818688981868905 0.009882758019525966 0.020920502092050198
1 0.665439039981404 0.37935843793584384 0.009223907484890787 0.019525801952580225
1 0.671039269525802 0.3493723849372385 0.008565056950255895 0.018131101813110177
1 0.684216280218503 0.34937238493723854 0.007247355880985538 0.015341701534170155
2 0.2497043526266849 0.18340306834030679 0.2450923988842396 0.36680613668061357
2 0.47008985646211043 0.27057182705718263 0.15482987563923753 0.5411436541143653
2 0.5735293903998141 0.7914923291492331 0.14165286494653637 0.41701534170153415
2 0.9687721553928407 0.019525801952580198 0.058502586006508546 0.039051603905160395
