1 0.008894482217573224 0.4128312412831241 0.008565056950255697 0.019525801952580153
1 0.08466229370060435 0.407252440725244 0.008565056950255698 0.019525801952580225
1 0.10739263714551373 0.2419804741980474 0.007906206415620644 0.018131101813110177
1 0.1380291870060437 0.4811715481171548 0.0072473558809855905 0.01673640167364013
1 0.14593539342166434 0.6589958158995816 0.009882758019525824 0.023709902370990223
1 0.46020709844258484 0.04881450488145049 0.00856505695025561 0.019525801952580194
1 0.47667836180846124 0.03277545327754533 0.008565056950255681 0.020920502092050212
1 0.5465165184797769 0.045327754532775454 0.008565056950255681 0.02370990237099024
1 0.5507990469549047 0.13319386331938635 0.009223907484890787 0.018131101813110194
1 0.5613406555090655 0.18898186889818688 0.009223907484890787 0.018131101813110177
1 0.5797884704788472 0.19735006973500696 0.006588505346350573 0.015341701534170192
1 0.604165940260344 0.13110181311018132 0.009223907484890645 0.022315202231520247
1 0.6127309972105998 0.18967921896792192 0.006588505346350502 0.022315202231520212
1 0.5880241021617851 0.3193863319386332 0.008565056950255681 0.019525801952580225
1 0.6367790417247792 0.299163179916318 0.008565056950255752 0.01813110181311025
1 0.5587052533705255 0.44281729428172945 0.006588505346350573 0.018131101813110177
1 0.480302039748954 0.8682008368200838 0.007906206415620644 0.018131101813110177
1 0.4509831909576941 0.9916317991631799 0.008565056950255681 0.016736401673640273
1 0.6002128370525337 0.9811715481171548 0.009223907484890787 0.02092050209205013
1 0.6127309972105998 0.9323570432357045 0.007906206415620716 0.02092050209205027
1 0.6196489278242677 0.8514644351464434 0.008565056950255681 0.02092050209205027
1 0.6483089260808927 0.8179916317991632 0.006588505346350502 0.015341701534170226
1 0.6394144438633194 0.7329149232914923 0.00856505695025561 0.01813110181311032
1 0.6133898477452349 0.7405857740585773 0.010541608554160859 0.022315202231520316
1 0.5844004242212923 0.7398884239888424 0.007906206415620644 0.02092050209205027
1 0.572870539865179 0.6457461645746164 0.015153562296606183 0.02789400278940029
1 0.6430381218038121 0.5195258019525802 0.007906206415620644 0.018131101813110107
1 0.6545680061599256 0.4588563458856346 0.008565056950255752 0.019525801952580153
1 0.6565445577638309 0.6506276150627616 0.009882758019525824 0.018131101813110177
1 0.6921224866341237 0.5474198047419805 0.008565056950255895 0.018131101813110177
1 0.7132057037424454 0.5815899581589958 0.008565056950255752 0.019525801952580153
1 0.7244061628312413 0.5418410041841004 0.00856505695025561 0.02370990237099015
1 0.7082643247326825 0.7691771269177127 0.009223907484890645 0.023709902370990223
1 0.7402185756624826 0.7133891213389123 0.00856505695025561 0.018131101813110177
1 0.7468070810088332 0.8723849372384936 0.008565056950255752 0.018131101813110177
1 0.7333006450488145 0.9351464435146444 0.006588505346350502 0.015341701534170226
1 0.7395597251278474 0.9937238493723849 0.008565056950255752 0.012552301255230134
1 0.7985268479776848 0.9525801952580195 0.009223907484890787 0.019525801952580083
1 0.8377284547884705 0.9741980474198048 0.005929654811715607 0.015341701534170084
1 0.8482700633426313 0.9721059972105996 0.012518160158065967 0.02789400278940022
1 0.8551879939562994 0.8702928870292888 0.009223907484890787 0.019525801952580225
1 0.8822008658763366 0.8675034867503487 0.007906206415620716 0.01673640167364013
1 0.8907659228265924 0.8389121338912133 0.010541608554160859 0.02092050209205027
1 0.9441328161320317 0.8960948396094841 0.006588505346350502 0.015341701534170084
1 0.9859698250813576 0.902370990237099 0.007247355880985538 0.016736401673640273
1 0.9750987912598791 0.7887029288702928 0.007906206415620573 0.018131101813110177
1 0.9414974139934914 0.7775453277545327 0.006588505346350644 0.018131101813110177
1 0.9302969549046955 0.6959553695955369 0.009223907484890787 0.019525801952580083
1 0.9391914371222688 0.598326359832636 0.005929654811715607 0.01673640167364013
1 0.9372148855183636 0.5467224546722455 0.00856505695025561 0.019525801952580153
1 0.9625806311018132 0.5111576011157601 0.007906206415620573 0.018131101813110177
1 0.9774047681311018 0.47210599721059976 0.004611953742445394 0.009762900976290113
1 0.7669020223152023 0.37935843793584384 0.007906206415620716 0.01673640167364013
1 0.7965502963737796 0.38145048814504884 0.010541608554160859 0.023709902370990223
1 0.7807378835425384 0.7078103207810321 0.006588505346350644 0.015341701534170084
1 0.7721728265922827 0.7329149232914923 0.009223907484890787 0.02092050209205013
1 0.8611176487680149 0.6052998605299861 0.009223907484890787 0.019525801952580153
1 0.7451599546722454 0.2796373779637378 0.009223907484890645 0.018131101813110177
1 0.7122174279404928 0.2573221757322176 0.006588505346350644 0.015341701534170155
1 0.7705257002556951 0.1603905160390516 0.00856505695025561 0.01952580195258017
1 0.7738199529288703 0.18479776847977683 0.007247355880985538 0.018131101813110215
1 0.6578622588331009 0.02370990237099024 0.011200459088795895 0.02510460251046025
1 0.7161705311483031 0.012552301255230125 0.011859309623430932 0.02510460251046025
1 0.8189512145513714 0.012552301255230125 0.007906206415620573 0.016736401673640166
1 0.8710004067875406 0.09135285913528592 0.007906206415620716 0.018131101813110177
1 0.8571645455602046 0.11366806136680614 0.009223907484890787 0.020920502092050198
1 0.9039429335192933 0.08228730822873082 0.006588505346350644 0.013947001394700136
1 0.9662043090423059 0.14365411436541145 0.007247355880985538 0.016736401673640183
1 0.9951937325662482 0.1680613668061367 0.00724735588098568 0.018131101813110194
2 0.19040780450953046 0.497907949790795 0.3808156090190609 0.99581589958159
2 0.5050089347977685 0.3542538354253837 0.03491907833565784 0.35146443514644377
2 0.9829374418874943 0.38075313807531375 0.03412511622501134 0.17294281729428163
