1 0.03887218154346815 0.9937238493723849 0.007906206415620641 0.012552301255230134
1 0.06950873140399814 0.8514644351464434 0.00856505695025569 0.018131101813110177
1 0.06819103033472804 0.806136680613668 0.00856505695025569 0.019525801952580083
1 0.09026252324500234 0.6562064156206415 0.010541608554160841 0.02092050209205013
1 0.11793424569967456 0.5878661087866108 0.007906206415620627 0.020920502092050198
1 0.16174780625290563 0.5062761506276151 0.008565056950255698 0.019525801952580225
1 0.16833631159925616 0.7182705718270571 0.009882758019525824 0.019525801952580225
1 0.2378450430032543 0.6387726638772664 0.010541608554160859 0.022315202231520316
1 0.2599165359135286 0.6094839609483961 0.011200459088795895 0.022315202231520316
1 0.2747406729428173 0.7377963737796374 0.013177010692701038 0.03068340306834017
1 0.23520964086471408 0.7998605299860528 0.010541608554160859 0.02092050209205027
1 0.2332330892608089 0.9218967921896792 0.013177010692701075 0.027894002789400362
1 0.2256563081125058 0.9518828451882846 0.008565056950255681 0.018131101813110034
1 0.13407608379823338 0.9804741980474198 0.007247355880985573 0.013947001394700181
1 0.32053078509995353 0.9463040446304045 0.011200459088795932 0.023709902370990223
1 0.41705238842398884 0.9860529986052998 0.006588505346350573 0.013947001394700181
1 0.43813560553231057 0.7573221757322176 0.009223907484890787 0.019525801952580225
1 0.3155894060901906 0.5488145048814504 0.009223907484890752 0.020920502092050198
1 0.3409551516736402 0.5264993026499303 0.009882758019525824 0.020920502092050198
1 0.5814355968154348 0.4316596931659693 0.01251816015806611 0.026499302649930313
1 0.7056289225941422 0.6359832635983264 0.010541608554160859 0.022315202231520247
1 0.7596546664342168 0.8103207810320783 0.007906206415620573 0.01673640167364013
1 0.756689839028359 0.8947001394700139 0.009882758019525966 0.02092050209205013
1 0.7006875435843792 0.9253835425383542 0.009882758019525824 0.02092050209205027
1 0.9886052272198979 0.8005578800557879 0.011200459088795895 0.025104602510460126
1 0.6087778940027895 0.26220362622036264 0.007906206415620716 0.019525801952580187
1 0.6357907659228266 0.22175732217573219 0.009223907484890787 0.022315202231520212
1 0.6980521414458392 0.17782426778242677 0.009882758019525682 0.020920502092050198
0 0.33436664632728963 0.14853556485355646 0.6687332926545793 0.2970711297071129
2 0.4407710076708506 0.49581589958158956 0.1423117154811714 0.0655509065550904
