2 0.6585009001843156 0.6026994227837303 0.3442831059380059 0.25584780052714956
1 0.01713011390051139 0.13110181311018132 0.009223907484890747 0.019525801952580205
1 0.037883905741515574 0.25592747559274753 0.008565056950255693 0.020920502092050163
1 0.027012871920037193 0.3165969316596932 0.009223907484890747 0.022315202231520247
1 0.11398114249186424 0.6847977684797769 0.010541608554160878 0.022315202231520174
1 0.11727539516503953 0.6234309623430963 0.010541608554160841 0.022315202231520247
1 0.12649930264993028 0.2928870292887029 0.01185930962343095 0.025104602510460268
1 0.12616987738261273 0.3096234309623431 0.007247355880985609 0.01394700139470011
1 0.12024022257089725 0.2524407252440725 0.013835861227336146 0.030683403068340276
1 0.21709125116225012 0.24686192468619247 0.020424366573686646 0.041841004184100396
1 0.19963171199442123 0.2740585774058577 0.014494711761971181 0.032078103207810287
1 0.17195998953974892 0.1903765690376569 0.010541608554160859 0.023709902370990223
1 0.18810182763830777 0.1596931659693166 0.011200459088795895 0.023709902370990257
1 0.17426596641097164 0.13179916317991633 0.01647126336587636 0.03486750348675034
1 0.23191538819153884 0.12064156206415622 0.011859309623430967 0.02649930264993026
1 0.5129151412133891 0.2684797768479777 0.009882758019525753 0.023709902370990223
1 0.5214801981636448 0.2698744769874477 0.01251816015806611 0.0292887029288703
1 0.5251038761041376 0.28382147838214783 0.009223907484890716 0.018131101813110177
1 0.5145622675499768 0.3110181311018131 0.011859309623430932 0.025104602510460268
1 0.5129151412133892 0.407252440725244 0.012518160158066038 0.02789400278940029
1 0.5669408850534635 0.36820083682008364 0.01383586122733618 0.0334728033472804
1 0.5119268654114366 0.8486750348675034 0.01713011390051143 0.034867503486750454
1 0.5399280131334263 0.8507670850767084 0.015153562296606112 0.0334728033472804
1 0.602848239191074 0.884239888423989 0.013177010692701075 0.02789400278940022
1 0.5982362854486286 0.9476987447698744 0.010541608554160859 0.02370990237099008
1 0.640402719665272 0.9358437935843793 0.009223907484890787 0.02231520223152003
1 0.673015821129707 0.8556485355648537 0.015153562296606254 0.032078103207810356
1 0.9513801720130172 0.7217573221757323 0.009223907484890787 0.02092050209205027
1 0.954344999418875 0.612970711297071 0.011200459088796038 0.023709902370990292
1 0.8910953480939098 0.6931659693165969 0.00856505695025561 0.019525801952580083
1 0.912507990469549 0.5097629009762901 0.011859309623430932 0.026499302649930244
1 0.9075666114597862 0.4511854951185495 0.012518160158065967 0.026499302649930313
1 0.9352383339144583 0.35913528591352856 0.00856505695025561 0.020920502092050198
1 0.8756123605299861 0.35216178521617847 0.010541608554160859 0.023709902370990292
1 0.874953509995351 0.299163179916318 0.011859309623430932 0.026499302649930244
1 0.8792360384704788 0.26220362622036264 0.007247355880985538 0.016736401673640166
1 0.8973544281729429 0.21757322175732216 0.009223907484890787 0.019525801952580225
1 0.8588116718967922 0.16596931659693165 0.009882758019525682 0.022315202231520247
1 0.86309420037192 0.09065550906555091 0.010541608554160859 0.022315202231520236
1 0.8884599459553695 0.08647140864714087 0.009882758019525824 0.02231520223152022
1 0.7672314475825197 0.38912133891213385 0.01383586122733618 0.03068340306834031
1 0.6684038673872618 0.5683403068340307 0.011200459088795895 0.023709902370990223
