2 0.5560805489661138 0.476057405196061 0.13595756094492312 0.10080751520479757
1 0.5579972267150879 0.2218188924063921 0.007413673400878906 0.017392243676569392
1 0.4664023399353027 0.884394972695011 0.007518386840820313 0.016237235779010473
1 0.8699636459350586 0.6141732582840924 0.009036636352539063 0.018982606528218027
1 0.41638984680175783 0.06024806265531328 0.01376953125 0.030186738305475642
1 0.4226872444152832 0.8315618782085515 0.010163116455078124 0.02217211402632304
1 0.5289440631866456 0.7160034516154734 0.013873958587646484 0.03114428199507304
1 0.4834172248840332 0.37854049329326594 0.007380104064941407 0.017673378873949146
1 0.5178804397583008 0.6628328131998519 0.012104988098144531 0.026671017412313945
1 0.19038021564483643 0.6978664881865009 0.008849382400512695 0.020720594378789967
1 0.09484287103017172 0.1914067378774893 0.011642122268676757 0.026042362032283627
1 0.14620029131571452 0.6687386879715924 0.012033939361572266 0.025952054226674477
1 0.056727921962738036 0.588140216394191 0.009229207038879394 0.02026676737355292
1 0.7933584531148274 0.21602024133045067 0.011134401957194012 0.024184255379168965
1 0.7710874239603679 0.1421141955660617 0.011168098449707032 0.024395573625490972
1 0.1728731552759806 0.49020725574093854 0.010381650924682618 0.023451025982807332
1 0.14191906452178954 0.5057419984054145 0.009074258804321288 0.0191218030229293
1 0.5812062263488769 0.04050768144601235 0.008370780944824218 0.017854978651826937
1 0.8670981089274089 0.9182306897416792 0.009914398193359375 0.021564656082035557
1 0.7584124247233074 0.22790211064550026 0.013813400268554687 0.032258055833103635
1 0.460354216893514 0.963271842376137 0.01223459243774414 0.027026528691772328
1 0.005460593104362488 0.1662217784742799 0.01066320538520813 0.030882645073904355
1 0.10800554752349853 0.8354129475821733 0.01146855354309082 0.024543400504754686
1 0.09027631282806396 0.5602505314836428 0.009766960144042968 0.020319222615335586
1 0.09346559842427572 0.6717090543601847 0.012215852737426758 0.027181169032524807
1 0.6541917800903321 0.6539840614125378 0.010676193237304687 0.023062608207862455
1 0.733987299601237 0.9883733410819495 0.009205118815104166 0.02129090634044239
1 0.6174731890360515 0.20340208917889072 0.009491539001464844 0.02069248254138816
1 0.6597372690836587 0.5963809045961963 0.009357452392578125 0.021006053180126792
1 0.7142289161682129 0.6477244922844025 0.010977745056152344 0.021575961381098397
1 0.004447949553529422 0.35038123083482636 0.00874256764849027 0.02328386906094956
1 0.5103881200154622 0.9427980130667722 0.009352684020996094 0.022217335222574422
1 0.6689283053080242 0.2828941134922822 0.009482765197753906 0.020882502411797132
1 0.08475807507832844 0.3154909581833138 0.009074242909749348 0.021977905138850607
1 0.20227279663085937 0.7315721270004996 0.0114532470703125 0.02460618529062155
1 0.11786949634552002 0.3188139254097902 0.010192298889160156 0.021549817877015577
2 0.9585231072511412 0.9692962882011434 0.06015076772493841 0.06140742359771168
1 0.43084087371826174 0.04561093150583623 0.0105560302734375 0.022396653332021555
1 0.45278501510620117 0.7991514700118867 0.00822601318359375 0.0168660257459344
1 0.5654887199401856 0.8271209144802577 0.01348285675048828 0.02906955773670066
1 0.5352539062499999 0.8087503754974331 0.0099700927734375 0.021078528222333238
1 0.40646896362304685 0.16067716857169928 0.008102798461914062 0.01826148995228087
1 0.4396950721740723 0.9863689721222092 0.008941459655761718 0.01795241115111632
1 0.5136921882629394 0.8054683114475746 0.00965423583984375 0.022473117613871278
1 0.9301584243774415 0.18032385206800838 0.011827468872070312 0.0258484054952367
1 0.6330060005187989 0.07351799389756107 0.00998516082763672 0.023255075877398876
1 0.6600619316101074 0.3504970596801354 0.009038352966308593 0.017700027078882994
1 0.5704192479451496 0.8508553804609978 0.00887006123860677 0.018413102087927232
1 0.9689330101013184 0.008165446242529082 0.009124946594238282 0.016330892485058163
1 0.04018988261273826 0.39330543933054396 0.011859309623430963 0.025104602510460268
1 0.338978600069735 0.33960948396094837 0.011200459088795967 0.02370990237099015
1 0.5517873227568573 0.9344490934449093 0.009882758019525753 0.019525801952580083
1 0.6796043264760576 0.36331938633193855 0.009882758019525824 0.020920502092050198
1 0.764925470711297 0.28382147838214783 0.010541608554160859 0.023709902370990257
1 0.9974321536494654 0.2398884239888424 0.0051356927010692745 0.022315202231520212
1 0.992558330427708 0.040446304044630406 0.008565056950255752 0.016736401673640166
1 0.8884599459553695 0.8661087866108786 0.008565056950255752 0.019525801952580083
1 0.5043500842631334 0.5369595536959553 0.00856505695025575 0.022315202231520212
1 0.17821906961878198 0.6352859135285912 0.012518160158066003 0.026499302649930244
1 0.06687332926545793 0.9476987447698744 0.009882758019525796 0.02092050209205027
