2 0.3945299383763766 0.45813168502392104 0.23646543756411398 0.15944203522579842
2 0.8813250376312503 0.28324316395559995 0.23734992473749453 0.3662295763534879
2 0.2627745787302653 0.8104089234340546 0.5255491574605305 0.37918215313189085
2 0.04183700894932589 0.902370990237099 0.08367401789865178 0.1952580195258021
2 0.2945061889818689 0.31241283124128316 0.5890123779637378 0.6220362622036263
1 0.10311010867038586 0.894002789400279 0.02174206764295677 0.04463040446304049
1 0.2971415911204091 0.9769874476987448 0.011859309623430967 0.023709902370990365
1 0.3449082548814505 0.7259414225941421 0.021742067642956754 0.04602510460251054
1 0.3294252673175267 0.6659693165969317 0.01581241283124129 0.03207810320781022
1 0.283305729893073 0.6492329149232916 0.01844781496978147 0.037656903765690475
1 0.21511469955834495 0.6248256624825663 0.008565056950255681 0.01673640167364006
1 0.44274755927475595 0.3584379358437936 0.013177010692701075 0.02789400278940022
1 0.45131261622501156 0.32357043235704325 0.013177010692701075 0.030683403068340276
1 0.4786549134123663 0.3430962343096235 0.012518160158065967 0.02789400278940029
1 0.46976043119479316 0.2796373779637378 0.011859309623431003 0.023709902370990257
1 0.5148916928172943 0.31659693165969316 0.012518160158065967 0.02789400278940022
1 0.5231273245002325 0.27684797768479774 0.013177010692701075 0.029288702928870265
1 0.500396981055323 0.20711297071129706 0.011200459088795895 0.023709902370990223
1 0.6861928318224082 0.8437935843793585 0.01383586122733618 0.02789400278940022
1 0.6891576592282658 0.8702928870292888 0.011859309623431074 0.02789400278940022
1 0.7949031700371921 0.9846582984658298 0.009882758019525824 0.025104602510460126
1 0.8594705224314272 0.9211994421199442 0.00856505695025561 0.02092050209205013
1 0.880553739539749 0.8793584379358438 0.011200459088795895 0.026499302649930313
1 0.9108608641329613 0.8430962343096234 0.012518160158065967 0.026499302649930313
1 0.8149981113435613 0.6492329149232914 0.011859309623431074 0.026499302649930244
1 0.6193195025569502 0.3716875871687587 0.017130113900511505 0.032078103207810356
1 0.6338142143189214 0.33054393305439334 0.014494711761971217 0.03347280334728033
1 0.5949420327754534 0.3096234309623431 0.014494711761971146 0.030683403068340345
1 0.5959303085774059 0.2698744769874477 0.011200459088795895 0.02649930264993028
1 0.658521109367736 0.18061366806136683 0.00856505695025561 0.018131101813110142
1 0.6674155915853092 0.1708507670850767 0.014494711761971075 0.03486750348675033
1 0.6740040969316596 0.062064156206415616 0.01449471176197136 0.03207810320781032
1 0.6071307676662018 0.06485355648535565 0.01778896443514647 0.03765690376569038
1 0.5731999651324965 0.09344490934449094 0.013177010692701075 0.02510460251046025
