1 0.9853109745467225 0.5160390516039052 0.009882758019525824 0.019525801952580083
1 0.8024799511854951 0.4246861924686192 0.013177010692701004 0.026499302649930244
1 0.5685880113900511 0.3556485355648536 0.011859309623430932 0.025104602510460195
1 0.5326806572524407 0.403068340306834 0.01383586122733611 0.02789400278940022
1 0.28067032775453277 0.39818688981868905 0.014494711761971146 0.026499302649930244
1 0.27638779927940493 0.36192468619246854 0.009882758019525753 0.020920502092050198
1 0.2813291782891678 0.33960948396094837 0.010541608554160859 0.02370990237099015
1 0.27144642026964205 0.3075313807531381 0.010541608554160859 0.020920502092050198
1 0.26057538644816364 0.299860529986053 0.007247355880985573 0.01673640167364024
1 0.26288136331938633 0.2712691771269177 0.009223907484890752 0.018131101813110177
1 0.2800114772198977 0.5871687587168758 0.011859309623430967 0.025104602510460268
1 0.3070243491399349 0.688981868898187 0.010541608554160859 0.022315202231520316
1 0.19271378138075312 0.6534170153417014 0.008565056950255681 0.018131101813110177
1 0.19370205718270572 0.687587168758717 0.007906206415620644 0.019525801952580225
1 0.25332803056717806 0.8556485355648537 0.011200459088795895 0.023709902370990223
1 0.2325742387261739 0.900278940027894 0.010541608554160859 0.02092050209205027
1 0.18612527603440263 0.8619246861924686 0.012518160158066003 0.025104602510460268
1 0.15911240411436542 0.8828451882845187 0.005929654811715466 0.013947001394700181
1 0.11496941829381684 0.8549511854951186 0.008565056950255698 0.01673640167364013
1 0.1344055090655509 0.7810320781032078 0.013177010692701038 0.02789400278940022
1 0.09915700546257554 0.7412831241283123 0.0072473558809855905 0.015341701534170084
1 0.09388620118549511 0.6889818688981869 0.008565056950255698 0.016736401673640273
1 0.07445011041376104 0.5711297071129706 0.007906206415620653 0.018131101813110177
1 0.021742067642956765 0.1499302649930265 0.010541608554160857 0.02370990237099024
1 0.0382133310088331 0.20641562064156205 0.009223907484890747 0.019525801952580187
1 0.09322735065086007 0.19107391910739188 0.011200459088795913 0.022315202231520212
1 0.12419332577870758 0.20292887029288703 0.008565056950255698 0.018131101813110177
1 0.005270804277080428 0.20013947001394697 0.006588505346350535 0.01534170153417012
1 0.0032942526731752674 0.22036262203626222 0.006588505346350535 0.016736401673640166
2 0.2559634327057181 0.42538354253835414 0.5119268654114362 0.29009762900976294
2 0.24772780102278 0.103905160390516 0.04480183635518359 0.207810320781032
2 0.10838091294746625 0.9205020920502078 0.2167618258949325 0.1589958158995815
