2 0.2107058184028282 0.5185822484954893 0.4196375164748459 0.7265053199745687
2 0.1636347611745199 0.5582746619790663 0.12397695250535555 0.20958166741038217
2 0.46651535034179686 0.26663853183733716 0.09569110870361328 0.5310625372805695
1 0.558329168955485 0.38272479981545454 0.010486412048339843 0.022984783336635197
1 0.6904739379882813 0.6207704049881133 0.0099273681640625 0.02092085967647464
1 0.9622584025065103 0.4753062154650031 0.009436416625976562 0.0212578989047857
1 0.6786741574605305 0.3823018605022998 0.008891741434733072 0.020704746772067947
1 0.2901157855987549 0.9696216043385115 0.010478496551513672 0.022634016245176407
1 0.9043503443400066 0.45291586879069906 0.009988021850585938 0.020107382844800858
1 0.4952428340911865 0.15051592539794656 0.009820652008056641 0.022230457444700938
1 0.5725658734639485 0.1916960324052939 0.009923235575358073 0.0204010177999242
1 0.7402479807535808 0.10200984159930143 0.009516525268554687 0.0218912480027305
1 0.5398937861124675 0.3727110638770931 0.00808868408203125 0.019613987292843853
1 0.7843122164408366 0.9497524304876301 0.008595466613769531 0.020173498656284455
1 0.7202171643575032 0.07470722471865955 0.011290168762207032 0.026470735291267575
1 0.5129148006439208 0.1613235557749621 0.008980655670166015 0.018139957987355293
1 0.9949436823527017 0.6644833868630272 0.009011077880859374 0.020536681388678334
1 0.6384223302205404 0.38447808010181234 0.011501185099283854 0.024647166999724367
1 0.5969185843793585 0.3905160390516039 0.010541608554160857 0.022315202231520247
1 0.9744399407252441 0.4700139470013947 0.011859309623430932 0.025104602510460195
1 0.7883146646908414 0.18061366806136683 0.011200459088795753 0.023709902370990257
