1 0.5920663197835286 0.5613067189545721 0.009461085001627604 0.01974975182176819
2 0.38597740663699553 0.5608472708348075 0.26099274554179447 0.1964061011960753
1 0.41350760459899905 0.7897396066617283 0.008540058135986328 0.01934336669652701
1 0.5799103418986002 0.6945942097488286 0.009362411499023438 0.02020135814326075
1 0.1824594497680664 0.11738883778699309 0.008197879791259766 0.017981103394496795
1 0.11851887702941895 0.7741287382855567 0.010233068466186523 0.021994055566083238
0 0.9079610900843431 0.2734967856674143 0.18407781983131344 0.5469935713348286
1 0.07681291898091634 0.8290417049790691 0.011546707153320313 0.02428156170324559
1 0.7292560895284016 0.3295945038211911 0.008726692199707032 0.02045751064851502
1 0.5321204026540121 0.5854835384078693 0.010010115305582682 0.020160578314498346
1 0.14789323012034097 0.7519738850283386 0.011051034927368164 0.023283465300268744
1 0.5555676460266112 0.662014121126051 0.010451698303222656 0.022880242967027287
1 0.7705580393473308 0.37004760607600606 0.010310745239257813 0.02311624108496417
1 0.44362726211547854 0.7624497587126171 0.014946556091308594 0.03068056285315601
1 0.22817912101745605 0.35797260456863284 0.008928394317626953 0.020542334038209757
1 0.538839308420817 0.8083992382920168 0.010858090718587239 0.023553177435053748
1 0.222861909866333 0.4030731604932556 0.009752750396728516 0.021471421011490487
1 0.712709903717041 0.304363835344241 0.010183906555175782 0.022954905046254824
1 0.5569014549255371 0.9198514860546445 0.010514259338378906 0.02321058649738148
1 0.17208749453226727 0.7411718400074077 0.010855293273925782 0.02350250546961136
1 0.5537934303283691 0.5148706741080658 0.009605216979980468 0.022237523256615214
1 0.16499394575754803 0.07075755572503035 0.010439157485961914 0.021448570680460567
1 0.9174104690551758 0.8516142486605912 0.007661056518554687 0.015423658007166482
2 0.4583251217585398 0.2665573149470081 0.17372746061912955 0.5331146298940161
1 0.8841895739237468 0.73532346748596 0.008645439147949218 0.020349740193460586
1 0.5431015650431315 0.5049526967445046 0.009793853759765625 0.02304383333620452
1 0.015981638431549074 0.2029085169816359 0.00909438133239746 0.019844736521930126
2 0.015105575323104853 0.9058471652845204 0.030211150646209706 0.1565328778113967
1 0.1984315077463786 0.2500845205691841 0.010351181030273438 0.021184313520707
1 0.42296724319458007 0.6946389935376758 0.009562110900878907 0.019636698831139745
1 0.547615146636963 0.8494667128927783 0.009447669982910157 0.0202510207070011
1 0.4102759679158529 0.9185506700812259 0.01066761016845703 0.022541353168929162
1 0.599021848042806 0.5924341775879445 0.012369918823242187 0.025709663231291344
1 0.6265668584379358 0.2315202231520223 0.009223907484890716 0.019525801952580187
1 0.6611565115062763 0.2405857740585774 0.009882758019525824 0.020920502092050198
1 0.7873263888888888 0.4400278940027894 0.010541608554160859 0.020920502092050198
1 0.024048044514179454 0.2308228730822873 0.011200459088795906 0.023709902370990257
1 0.0019765516039051607 0.14225941422594143 0.003953103207810321 0.027894002789400272
1 0.14857079556020455 0.8605299860529986 0.005929654811715483 0.013947001394700181
1 0.4374767549976755 0.9358437935843793 0.010541608554160859 0.02231520223152003
1 0.4888670966992097 0.8298465829846583 0.009223907484890787 0.019525801952580083
1 0.5254333013714552 0.9128312412831241 0.009882758019525753 0.02092050209205013
1 0.5718822640632264 0.9497907949790795 0.01054160855416093 0.022315202231520174
1 0.5992245612505812 0.7287308228730823 0.012518160158066038 0.026499302649930313
1 0.25958711064621104 0.6052998605299861 0.009223907484890716 0.019525801952580153
1 0.2856117067642957 0.592747559274756 0.011200459088795932 0.022315202231520104
1 0.34194342747559275 0.5502092050209205 0.011859309623430932 0.026499302649930313
1 0.95632155102278 0.9853556485355649 0.012518160158065967 0.026499302649930313
1 0.9503918962110646 0.9372384937238494 0.00856505695025561 0.019525801952580083
1 0.9230495990237099 0.895397489539749 0.009223907484890787 0.019525801952580083
