2 0.3506706998160901 0.4270852883862858 0.32843199702874043 0.20981911233742656
2 0.14609760881190736 0.8469732890195713 0.29219521762381473 0.3060534219608557
2 0.20506473166174463 0.7598045303026955 0.41012946332348926 0.4803909393946085
2 0.23471300572032178 0.6893721732594597 0.46942601144064355 0.6212556534810808
2 0.40370816785421226 0.5631518106374234 0.8074163357084245 0.8736963787251529
1 0.13407608379823338 0.3444909344490934 0.009882758019525806 0.022315202231520247
1 0.06950873140399814 0.29009762900976294 0.009882758019525796 0.025104602510460268
1 0.03722505520688052 0.28870292887029286 0.009882758019525801 0.022315202231520212
1 0.05764942178056717 0.10460251046025103 0.021742067642956765 0.04463040446304044
1 0.08268574209669921 0.004881450488145049 0.00856505695025569 0.009762900976290099
1 0.28627055729893075 0.11436541143654115 0.021742067642956754 0.04741980474198048
1 0.36236779404927943 0.10390516039051605 0.021083217108321648 0.04602510460251045
1 0.6766394990701998 0.9867503486750349 0.010541608554160859 0.023709902370990365
1 0.6631330631101813 0.9086471408647141 0.008565056950255752 0.02092050209205013
1 0.6562151324965132 0.8444909344490935 0.011859309623431074 0.023709902370990223
1 0.6423792712691772 0.7810320781032078 0.010541608554160859 0.022315202231520174
1 0.6193195025569502 0.5104602510460251 0.009223907484890787 0.022315202231520174
1 0.6068013423988843 0.4700139470013947 0.010541608554160859 0.022315202231520247
1 0.5992245612505811 0.43793584379358436 0.009882758019525753 0.022315202231520247
1 0.5919772053695955 0.4414225941422595 0.009882758019525753 0.023709902370990292
1 0.6572034082984658 0.18898186889818688 0.020424366573686684 0.04602510460251047
1 0.6789454759414226 0.2384937238493724 0.021742067642956754 0.04463040446304046
1 0.7817261593444909 0.407252440725244 0.020424366573686684 0.044630404463040424
1 0.7916089173640168 0.41910739191073915 0.017788964435146395 0.04323570432357045
1 0.7738199529288703 0.4351464435146444 0.025695170850767113 0.05578800557880051
1 0.7481247820781033 0.4163179916317991 0.017788964435146538 0.04044630404463035
1 0.813680410274291 0.4532775453277546 0.021083217108321717 0.047419804741980515
1 0.788644089958159 0.4330543933054393 0.011859309623430932 0.026499302649930313
1 0.8090684565318458 0.6527196652719666 0.014494711761971217 0.03347280334728033
1 0.923708449558345 0.407252440725244 0.011859309623430932 0.02789400278940029
1 0.9395208623895863 0.4107391910739191 0.011859309623431074 0.026499302649930313
1 0.9951261767782427 0.41213389121338906 0.009747646443514668 0.029288702928870335
1 0.9405091381915389 0.49442119944211993 0.020424366573686684 0.04602510460251039
1 0.9675220101115761 0.5676429567642957 0.021742067642956754 0.044630404463040424
1 0.9260144264295677 0.6094839609483961 0.01910666550441647 0.044630404463040424
1 0.9457799424686193 0.6115760111576012 0.016471263365876326 0.03765690376569033
1 0.9589569531613203 0.6227336122733612 0.01910666550441647 0.04323570432357045
1 0.9490741951417945 0.6338912133891214 0.019106665504416753 0.04044630404463043
1 0.9401797129242213 0.6534170153417016 0.018447814969781574 0.0376569037656904
1 0.9467682182705718 0.6541143654114364 0.013177010692701004 0.025104602510460126
1 0.9197553463505347 0.6562064156206415 0.011859309623430932 0.029288702928870265
1 0.9019663819153882 0.6729428172942816 0.011859309623430932 0.023709902370990223
1 0.9148139673407718 0.7245467224546722 0.020424366573686684 0.04323570432357059
1 0.923708449558345 0.7161785216178521 0.018447814969781574 0.04602510460251054
1 0.9559921257554627 0.6917712691771268 0.018447814969781432 0.039051603905160305
1 0.937544310785681 0.7559274755927475 0.018447814969781432 0.041841004184100396
1 0.923708449558345 0.7712691771269178 0.018447814969781574 0.041841004184100396
1 0.9306263801720129 0.7447698744769875 0.01910666550441661 0.04463040446304035
1 0.9362266097164109 0.809623430962343 0.019765516039051648 0.0376569037656904
1 0.9820167218735472 0.7775453277545327 0.017788964435146395 0.04602510460251054
1 0.9911730735704325 0.7719665271966527 0.017653852859135243 0.05439330543933067
1 0.9754282165271968 0.8437935843793585 0.021742067642956754 0.04463040446304049
1 0.9582981026266854 0.8507670850767084 0.01910666550441661 0.041841004184100396
1 0.9964438778475128 0.8633193863319386 0.007112244304974382 0.039051603905160305
1 0.9866286756159925 0.894002789400279 0.021742067642956612 0.0474198047419803
1 0.9934790504416552 0.8758716875871687 0.013041899116689848 0.04184100418410054
1 0.9787224692003719 0.9456066945606696 0.020424366573686684 0.041841004184100396
1 0.992161349372385 0.9476987447698744 0.015677301255230133 0.057182705718270624
