2 0.4869758516175973 0.8702550206219687 0.12865890452386258 0.25948995875605774
2 0.6437609209231803 0.5690373613100264 0.3146745562054615 0.29457649847027595
2 0.40980503254300293 0.5000000000000001 0.5494813458856342 0.9999999999999999
1 0.023718619246861927 0.9142259414225942 0.005270804277080429 0.015341701534170084
1 0.1327583827289633 0.7691771269177127 0.011200459088795913 0.026499302649930313
1 0.7214413354253836 0.8535564853556485 0.010541608554160859 0.022315202231520174
1 0.7296769671083218 0.9149232914923292 0.009882758019525682 0.022315202231520174
1 0.7049700720595072 0.9574616457461644 0.009223907484890787 0.02092050209205027
1 0.8090684565318458 0.9895397489539749 0.011859309623431074 0.02092050209205027
1 0.8644119014411901 0.7524407252440725 0.010541608554160859 0.023709902370990365
1 0.917449369479312 0.8333333333333335 0.009882758019525966 0.02092050209205027
1 0.9494036204091121 0.8654114365411436 0.009223907484890787 0.02092050209205027
1 0.8996604050441656 0.4728033472803347 0.009882758019525824 0.022315202231520247
1 0.8176335134821013 0.39330543933054396 0.010541608554160859 0.022315202231520174
1 0.831798799976755 0.35634588563458863 0.012518160158065825 0.026499302649930244
1 0.7935854689679219 0.298465829846583 0.011200459088796038 0.025104602510460195
1 0.7349477713854021 0.36122733612273367 0.009882758019525682 0.022315202231520104
1 0.863753050906555 0.16736401673640167 0.017130113900511362 0.03347280334728032
1 0.7899617910274291 0.504881450488145 0.014494711761971075 0.03068340306834031
1 0.7125468532078102 0.702231520223152 0.011200459088795895 0.023709902370990223
1 0.4322059507205951 0.6708507670850767 0.013177010692701004 0.02789400278940022
1 0.3106480270804277 0.18549511854951184 0.015153562296606218 0.03068340306834031
1 0.39003951650395163 0.15341701534170152 0.01581241283124129 0.03347280334728033
1 0.38806296490004655 0.060669456066945605 0.013177010692701075 0.0292887029288703
1 0.3231661872384937 0.045327754532775454 0.011200459088795895 0.02370990237099024
1 0.3445788296141329 0.027196652719665274 0.011859309623431003 0.026499302649930265
