2 0.6435665468458008 0.6022711472856064 0.31215924290045655 0.7117872360565565
1 0.8357412338256835 0.5220577656368437 0.015332794189453125 0.031607900196819874
1 0.49233345985412597 0.24104396563512093 0.016800785064697267 0.035436157091975604
1 0.8556488037109375 0.5455541642261577 0.015430831909179687 0.0316086067780113
1 0.4662310600280762 0.4922437236748036 0.017203903198242186 0.034819109831518744
1 0.4586460908253988 0.3714053691287813 0.018618297576904298 0.039281371935725604
1 0.48721488316853845 0.48008315854982087 0.017906379699707032 0.0383657436518054
1 0.8938158035278321 0.48357536879500584 0.017111587524414062 0.037157590754634096
1 0.8940971374511719 0.6397029451919102 0.0136627197265625 0.028907649703693496
1 0.4972761472066243 0.532015244253678 0.01702117919921875 0.03716405092552715
1 0.6306243896484375 0.059235014489624975 0.014787673950195312 0.03351105981256891
1 0.5660310745239258 0.07582306362433892 0.0163116455078125 0.031188973255430855
1 0.7472515106201172 0.21744021717479498 0.01624755859375 0.035070955556177646
1 0.915744400024414 0.14286099720947532 0.008877944946289063 0.019857883979099194
1 0.16191600163777667 0.1532179086973281 0.008125050862630209 0.02001603199076626
1 0.6090892473856608 0.08957599778685311 0.009322929382324218 0.02157883817594921
1 0.6149796485900879 0.04875814612408589 0.013327217102050782 0.03035012258847204
1 0.5695658683776855 0.03890405021928243 0.01623058319091797 0.033039608233030204
1 0.32160965601603186 0.16730548055327055 0.008042462666829427 0.018931177511499104
1 0.5013619422912597 0.2788179643624673 0.01575756072998047 0.03464128689834275
1 0.7406455675760906 0.09912322190525513 0.017844581604003908 0.03663234857897774
1 0.7796889940897622 0.1940650224948534 0.016844749450683594 0.03683109977410936
1 0.7805933952331543 0.8033435152804576 0.009359169006347656 0.02124629078521224
1 0.10828757286071777 0.03957299965350604 0.0126800537109375 0.02737654924655565
1 0.5164690971374511 0.18748349628217162 0.015725326538085938 0.03601969221592475
1 0.15822987556457518 0.32476412973961205 0.01231679916381836 0.027821264298511575
1 0.9093997955322266 0.6369189480042379 0.018996047973632812 0.03805363664553473
1 0.946168327331543 0.6871020265556091 0.01698150634765625 0.035016010456863284
1 0.9750419616699219 0.8018208664596541 0.01668243408203125 0.030528345076488425
1 0.471856149037679 0.2576835657559261 0.017034912109375 0.036866883064446666
1 0.30939170519510906 0.051682628896559744 0.00883779525756836 0.020498273653915725
1 0.8962357203165691 0.5628695419631167 0.0157562255859375 0.033572902490180544
1 0.4933513641357422 0.19957057696324593 0.016081619262695312 0.03437497308262128
1 0.8582675933837891 0.4639354903485047 0.01457977294921875 0.03453728487630926
1 0.8726953188578288 0.42162688906163864 0.017009925842285157 0.03492711581363699
1 0.44684791564941406 0.4811744059065342 0.01748485565185547 0.03443301368048856
1 0.7591787020365398 0.14658273699002333 0.017308616638183595 0.03597027359092906
1 0.48920507431030275 0.15983580701800668 0.015777206420898436 0.036458933366567324
1 0.5774284044901531 0.11070441568830967 0.009681002298990885 0.019193773364284728
1 0.8068634986877441 0.24711980683012336 0.016719627380371093 0.0361990628983772
1 0.9825914382934571 0.9688602939593095 0.02157173156738281 0.04004175423787211
1 0.9693229675292969 0.7415078698340167 0.013485336303710937 0.03136029395930954
1 0.9803508758544922 0.7472233041513059 0.014864349365234375 0.03184601805833104
1 0.013973991572856902 0.06193329664943237 0.011386314034461975 0.024084509667645738
1 0.9684092203776042 0.698041821262145 0.016585540771484376 0.03673111853552233
1 0.45615472793579104 0.9538648241541483 0.009582328796386718 0.02025707711721334
1 0.9201179504394531 0.7150382280612597 0.013602828979492188 0.029112760129547957
1 0.8234726905822753 0.4305423118313723 0.01629352569580078 0.0343601348776013
1 0.26375956535339357 0.4248670517018243 0.00914316177368164 0.02162067787649876
1 0.5405113855997722 0.24512563282757374 0.007874298095703124 0.017023761585239803
1 0.5072028160095214 0.1398700642612041 0.02084217071533203 0.051039934421190224
1 0.9076305389404297 0.6791882162714477 0.01699066162109375 0.03791171476622795
1 0.0852522571881612 0.8382225835730774 0.01175072193145752 0.02708790031525634
1 0.926851463317871 0.6655909697039519 0.015151214599609376 0.031053032081208656
1 0.8862165133158366 0.6859693096123035 0.016052818298339842 0.033889854624621005
1 0.44621566136678065 0.440514948297099 0.01778240203857422 0.03522448555505788
1 0.6580454190572103 0.012892368741440275 0.01566028594970703 0.02578473748288055
1 0.004339305808146794 0.4843831088603397 0.008467840651671091 0.021792377106015712
1 0.7185144106547038 0.08566358412771004 0.016868146260579427 0.038913995980427836
1 0.19582973321278893 0.011845776895441059 0.00997303326924642 0.020962081118481687
1 0.7297972361246745 0.14388492588434354 0.016137313842773438 0.03236411871694546
1 0.4972830772399902 0.27959228481978277 0.014784622192382812 0.035393610810234635
1 0.9019655227661133 0.7231675119620831 0.016128158569335936 0.03488647057176819
1 0.4463393211364746 0.4146266882579933 0.01796550750732422 0.03406932624724366
1 0.6590612093607585 0.08287534534996899 0.010354932149251301 0.020575694764462173
1 0.8213944117228189 0.33454211991046207 0.01593170166015625 0.03502290803516055
1 0.9321468989054362 0.7373331862747209 0.013629913330078125 0.03339121018381339
1 0.22860422134399414 0.45256918977613353 0.008828544616699218 0.018717133880581587
1 0.08250607252120971 0.014162252861451945 0.009087014198303222 0.019556236897965908
1 0.033965306480725606 0.91475030631977 0.007622073094050091 0.01693776056022602
1 0.30807518959045405 0.7187959614241661 0.008702564239501952 0.01731285423270397
1 0.8327505111694335 0.35428080196023115 0.012405776977539062 0.023855291364474233
1 0.530599594116211 0.014396541305255995 0.014454269409179687 0.02879308261051199
1 0.5305615743001302 0.06136308773087036 0.016623306274414062 0.03633832248069486
1 0.4594839096069336 0.32024007542787863 0.019507598876953126 0.0471446111946148
1 0.9117050170898438 0.6348691559679058 0.015177154541015625 0.03134535481411935
1 0.8649580001831054 0.5034827050458242 0.017042922973632812 0.03987944244418412
1 0.5142120361328125 0.016440261159474164 0.018048095703125 0.03288052231894833
1 0.5201558907826742 0.06416568524782292 0.017290401458740234 0.03824827452873053
1 0.7610617955525716 0.1461450898529019 0.01499811808268229 0.031182487849495247
1 0.9323343912760416 0.6973549570506304 0.01246795654296875 0.029080257394742282
1 0.5876144409179688 0.07150577473666728 0.017409896850585936 0.034126050417057865
1 0.03782253563404083 0.11060453538989286 0.009023350477218629 0.020323546219292655
1 0.4302867730458578 0.76826761365594 0.009575748443603515 0.020395970791414003
1 0.7224483807881673 0.14585853753305453 0.014120546976725261 0.030269753183787555
1 0.7465234756469726 0.16371158149828588 0.009723663330078125 0.02048722070527839
1 0.36292103131612136 0.8347190848521913 0.008428478240966797 0.020136756434330206
1 0.8038742065429687 0.8477902312525842 0.01020355224609375 0.02209136189015987
1 0.4656041145324707 0.7490437601209345 0.008596420288085938 0.019223988121899117
1 0.3579175154368082 0.7452483424278183 0.008453845977783203 0.016888501757166482
1 0.8452312469482421 0.38122799167822324 0.015533447265625 0.033654966848556365
1 0.8475671768188476 0.939299864174907 0.009649276733398438 0.022016060523187705
1 0.7885357220967611 0.5707686149824283 0.007337888081868488 0.019149965330416206
1 0.8444402694702149 0.45410721514953145 0.015256118774414063 0.03502038453090546
1 0.4615645885467529 0.31628757800656354 0.02001676559448242 0.05174435381063947
1 0.8774209022521973 0.5379095613759303 0.01610088348388672 0.032925472238492286
1 0.7069479624430337 0.0834715253331564 0.0119781494140625 0.030451878691718493
1 0.27002782026926675 0.9826351952263644 0.008266337712605794 0.017098457311190737
1 0.9916179339090982 0.321075439453125 0.00867290496826172 0.018503544480429988
1 0.8268940607706706 0.42897614097384923 0.015773773193359375 0.03269835685553335
1 0.8322147369384766 0.4126238334008063 0.012561798095703125 0.02447960631718578
1 0.5877024332682291 0.01261934450732045 0.016388320922851564 0.0252386890146409
1 0.7972361246744792 0.30988775251192974 0.00972137451171875 0.02218829810027908
1 0.9036867141723632 0.7859877614754168 0.014864730834960937 0.031183850541793
1 0.4929976463317871 0.23001988588646466 0.019470024108886718 0.04741432332939981
1 0.28605364163716634 0.2534001696333207 0.009840297698974609 0.023612025554282667
1 0.4410877068837483 0.9846221015366594 0.008210468292236327 0.017334657309468027
1 0.9344746271769206 0.10927278125430678 0.008576583862304688 0.018252405336962513
1 0.895299784342448 0.5985892399931952 0.015411376953125 0.03127388917361494
1 0.973211669921875 0.7855934218771534 0.016046905517578126 0.03270037565893743
1 0.38436883290608725 0.8745277345903391 0.009720230102539062 0.021171191298580486
1 0.9490146636962891 0.6849492082522224 0.018096160888671876 0.037457887760990904
1 0.6948884646097819 0.06762416675571832 0.018712806701660156 0.03437213414033429
1 0.004884566863377889 0.4246893633555419 0.009691397349039713 0.02273404795384854
1 0.5071451981862386 0.16185466089217113 0.012865924835205078 0.022743183039251998
1 0.9325954437255859 0.8085830839886817 0.01421661376953125 0.03422874442271913
1 0.8649831771850586 0.4975266798328539 0.02005424499511719 0.03602484016460515
1 0.879705810546875 0.5706682804532456 0.017464065551757814 0.031034660970231533
1 0.9737136840820313 0.8221655596446046 0.015071487426757813 0.027534863388919514
1 0.8231389999389649 0.9413599521085999 0.010419082641601563 0.021746954029423927
1 0.16563175519307452 0.24251910528248175 0.007992903391520182 0.01620937629203418
1 0.6604268074035644 0.048388345501783 0.01622180938720703 0.03360681838736907
1 0.860634708404541 0.5065773624306609 0.01587848663330078 0.042878173020603635
1 0.4846360206604004 0.2847396867409299 0.016060638427734374 0.036744072524031834
1 0.8411173820495605 0.49058022966984227 0.017743873596191406 0.026309853483324142
1 0.7424844106038411 0.1385721503176789 0.014714431762695313 0.029003332573366007
1 0.4456815719604492 0.448769196128635 0.018487548828125 0.03538376914363975
1 0.4537687301635742 0.4869751514910074 0.016380500793457032 0.03816568023446114
1 0.9923423767089844 0.8334994247756167 0.015195465087890625 0.040568056285315596
1 0.9069650650024415 0.686066010295359 0.016774368286132813 0.03655507887868661
1 0.28599282900492345 0.21632139632825417 0.008903217315673829 0.021009182325403115
1 0.9103690783182781 0.6310607842862803 0.016380119323730468 0.03297755736631753
1 0.37587423000929804 0.7566248256624826 0.009882758019525824 0.02092050209205013
1 0.4005811250581125 0.7447698744769875 0.009223907484890787 0.019525801952580225
1 0.4130992852161785 0.8835425383542537 0.009223907484890716 0.02092050209205027
1 0.3982751481868898 0.990934449093445 0.012518160158065967 0.018131101813110177
1 0.2721052708042771 0.690376569037657 0.009223907484890787 0.019525801952580368
1 0.31229515341701536 0.6464435146443515 0.009223907484890787 0.020920502092050198
1 0.2757289487447699 0.706415620641562 0.008565056950255645 0.02092050209205013
1 0.22367975650860067 0.8619246861924685 0.007247355880985573 0.013947001394700181
1 0.024048044514179454 0.8765690376569037 0.0098827580195258 0.02092050209205013
1 0.2045730910041841 0.4476987447698745 0.01383586122733611 0.03068340306834031
1 0.15153562296606232 0.2719665271966527 0.009223907484890735 0.01673640167364013
1 0.08729769583914457 0.23640167364016737 0.008565056950255698 0.018131101813110177
1 0.0023059768712226873 0.296373779637378 0.0046119537424453745 0.020920502092050198
1 0.0039531032078103205 0.31450488145048816 0.007906206415620641 0.018131101813110177
1 0.08532114423523943 0.1304044630404463 0.009882758019525806 0.020920502092050236
1 0.17393654114365412 0.10460251046025103 0.011859309623430967 0.030683403068340293
1 0.18546642549976755 0.12133891213389121 0.008565056950255681 0.022315202231520247
1 0.26881101813110186 0.2601115760111576 0.006588505346350537 0.015341701534170155
1 0.28659998256624825 0.23430962343096234 0.009223907484890787 0.016736401673640166
1 0.511597440144119 0.33124128312412837 0.009882758019525753 0.023709902370990292
1 0.8380578800557881 0.8124128312412832 0.010541608554160859 0.02092050209205013
1 0.923708449558345 0.7880055788005578 0.014494711761971075 0.03068340306834031
1 0.9161316684100419 0.8152022315202231 0.015153562296606254 0.03207810320781022
1 0.959286378428638 0.9741980474198045 0.013177010692701146 0.029288702928870262
1 0.9358971844490934 0.9086471408647141 0.016471263365876326 0.03486750348675031
1 0.947427068805207 0.9253835425383542 0.017130113900511362 0.034867503486750454
1 0.9586275278940027 0.9065550906555092 0.019765516039051648 0.041841004184100396
1 0.9447916666666666 0.8682008368200838 0.017130113900511362 0.040446304044630496
1 0.9326029317759182 0.8640167364016736 0.020424366573686542 0.04323570432357045
1 0.9934790504416552 0.8863319386331938 0.013041899116689848 0.04602510460251054
1 0.9941379009762901 0.812412831241283 0.011724198047419776 0.034867503486750454
1 0.9886052272198976 0.8389121338912133 0.015153562296606254 0.03207810320781022
1 0.9853109745467225 0.9407252440725244 0.017788964435146395 0.03765690376569026
1 0.9668631595769409 0.9595536959553695 0.01910666550441661 0.041841004184100396
1 0.9461093677359367 0.7315202231520224 0.01581241283124129 0.03486750348675031
1 0.9967733031148304 0.5808926080892608 0.006453393770339346 0.023709902370990223
1 0.9368854602510461 0.3319386331938633 0.007906206415620573 0.019525801952580225
1 0.9141551168061366 0.32705718270571826 0.009882758019525824 0.023709902370990257
1 0.9714751133193863 0.1499302649930265 0.007247355880985538 0.015341701534170138
1 0.8878010954207346 0.07461645746164575 0.009882758019525824 0.018131101813110177
1 0.9082254619944211 0.024407252440725245 0.00856505695025561 0.01813110181311018
1 0.7632783443747094 0.19177126917712692 0.009882758019525682 0.020920502092050198
1 0.7207824848907484 0.12273361227336123 0.017130113900511362 0.03626220362622039
1 0.6848751307531381 0.06485355648535565 0.017788964435146538 0.03765690376569038
1 0.6749923727336121 0.062064156206415616 0.016471263365876326 0.04323570432357043
1 0.6262374331706184 0.08228730822873082 0.00724735588098561 0.013947001394700127
1 0.5886829526964202 0.03417015341701534 0.016471263365876326 0.034867503486750356
1 0.826198570432357 0.39539748953974896 0.018447814969781432 0.0376569037656904
1 0.8337753515806603 0.3842398884239888 0.021742067642956754 0.04602510460251047
1 0.8485994886099489 0.4483960948396095 0.017130113900511505 0.0376569037656904
1 0.8429992590655511 0.4386331938633194 0.016471263365876468 0.03486750348675038
1 0.8370696042538356 0.4609483960948396 0.01910666550441661 0.029288702928870265
1 0.8423404085309159 0.4100418410041841 0.021742067642956612 0.039051603905160374
1 0.8864833943514645 0.6052998605299861 0.020424366573686684 0.047419804741980445
