1 0.19812414646148682 0.164387401172844 0.01125197410583496 0.025131124645767295
1 0.053282642364501955 0.435104117766762 0.010103821754455566 0.023466570769018744
1 0.4800243377685547 0.3536777349133476 0.00893096923828125 0.021274957793550164
1 0.8589750289916992 0.48065326863113284 0.008393096923828124 0.01873348618815463
1 0.6537735303243001 0.5667635109090753 0.00803534189860026 0.01869734960722161
1 0.7841293017069497 0.207472770716153 0.010104179382324219 0.021486074159531764
1 0.8410094896952311 0.6213949554678886 0.00821514129638672 0.018994113707621278
1 0.40590333938598633 0.4054095384961584 0.009683609008789062 0.02218907197491731
2 0.25663100978154324 0.5558207819220036 0.5132620195630865 0.16876284359722368
1 0.4682158470153809 0.6403976154432539 0.008530426025390624 0.017438827565118522
1 0.6762928326924643 0.08024738063622992 0.012943458557128907 0.02771752303858445
1 0.8716503143310547 0.5935222789760198 0.009894943237304688 0.021375628789966922
1 0.8303167343139648 0.1408644637304472 0.010176849365234376 0.021710077220576073
1 0.42857513427734373 0.3827198873938379 0.010731887817382813 0.023254293591079795
1 0.8070985794067382 0.6797033139599986 0.009722900390625 0.021865121322009372
1 0.24019705454508464 0.7723121516891193 0.009778118133544922 0.02101520508889195
1 0.6828816413879395 0.29492759494297827 0.012030220031738282 0.026295318098814774
1 0.9390902519226074 0.3215643768142313 0.011195945739746093 0.024452251531060502
1 0.15692954063415526 0.3059971987083965 0.009312248229980469 0.019199022253135335
1 0.7281070709228515 0.3640414640685295 0.011554718017578125 0.024866409049407387
1 0.8934500694274903 0.45482616151180916 0.008425712585449219 0.017670485255736633
2 0.29688716362598944 0.7212713557217549 0.5937743272519788 0.5574572885564888
1 0.40860586166381835 0.6286622103151701 0.009966087341308594 0.019403459744521775
1 0.18596131006876626 0.10849297638107687 0.01270465850830078 0.02872878372209206
1 0.9571660995483399 0.4558960600225245 0.009437942504882812 0.01983444062456932
1 0.2100663661956787 0.523037743279269 0.011293888092041016 0.02444548853965683
1 0.7785755157470703 0.5099736626907904 0.007985687255859375 0.018537662257958932
1 0.12642247676849366 0.48738991465037557 0.011033010482788087 0.023395710769535557
1 0.3625395139058431 0.5815655457014022 0.011711692810058594 0.0235467172641607
1 0.8612689654032389 0.3797975180561776 0.01159496307373047 0.024957658963271775
1 0.13397020896275838 0.22307886125760146 0.007685446739196777 0.015942339071759577
1 0.19828265508015952 0.2678637352115921 0.01106284459431966 0.02235178752928611
1 0.684752082824707 0.4294475315687018 0.010654067993164063 0.022325341204692668
1 0.23278331756591797 0.53690064755138 0.010335540771484375 0.021177752409643744
1 0.6177359580993652 0.10384391608022671 0.013284873962402344 0.029189575599073182
1 0.9161913553873697 0.9353075795031698 0.008614730834960938 0.022105493513988425
2 0.6985318453242086 0.831403404112269 0.6029363093515808 0.337193191775461
1 0.3828270276387532 0.6547721349680437 0.010112571716308593 0.023034344960205348
1 0.7161573840539879 0.18127222981764074 0.012104225158691407 0.025561886822112734
1 0.942103385925293 0.5976422866097885 0.007984161376953125 0.01760053371778528
1 0.9111108779907227 0.2975211180294756 0.011365509033203125 0.022774053907972713
1 0.8027883211771648 0.5168646294069132 0.00895519256591797 0.019090107809485255
1 0.7153506278991699 0.5320310077435915 0.007919502258300782 0.017709952862286382
1 0.89241304916318 0.9518828451882846 0.011200459088795895 0.023709902370990223
1 0.6990404172477918 0.7322175732217573 0.011859309623430932 0.022315202231520174
1 0.6799337517433753 0.7956764295676431 0.009223907484890645 0.02092050209205027
1 0.9154728178754067 0.595536959553696 0.009882758019525824 0.022315202231520174
1 0.9276615527661554 0.5920502092050209 0.007906206415620573 0.020920502092050198
1 0.7527367358205486 0.3179916317991632 0.009882758019525682 0.022315202231520212
1 0.6644507641794513 0.4400278940027894 0.013835861227336039 0.026499302649930313
1 0.9902523535564853 0.301255230125523 0.010541608554160859 0.025104602510460268
1 0.7751376539981405 0.1087866108786611 0.011200459088795895 0.02510460251046025
1 0.7253944386331939 0.19386331938633194 0.009223907484890787 0.022315202231520247
1 0.799844549046955 0.06345885634588563 0.009223907484890645 0.02092050209205021
1 0.8420109832635984 0.07531380753138076 0.009223907484890787 0.019525801952580187
1 0.874294659460716 0.0034867503486750344 0.010541608554160859 0.006973500697350069
1 0.2678227423291492 0.027196652719665274 0.009882758019525787 0.020920502092050212
1 0.14988849662947465 0.502092050209205 0.008565056950255698 0.019525801952580083
1 0.2622225127847513 0.6652719665271967 0.007906206415620681 0.016736401673640273
1 0.3251427388423989 0.6750348675034867 0.009882758019525824 0.019525801952580083
1 0.5030323831938632 0.6073919107391911 0.008565056950255681 0.01813110181311032
1 0.5267510024407251 0.49651324965132493 0.00724735588098568 0.01673640167364013
1 0.17459539167828914 0.8605299860529986 0.010541608554160895 0.022315202231520174
