2 0.6315835307000236 0.6031179466800765 0.2592691786396735 0.1713327059511788
2 0.5859291076660155 0.4232252752255424 0.19675182234348657 0.21612416761216124
1 0.12880527952115295 0.5076708507670851 0.009882758019525806 0.022315202231520247
1 0.13209953219432824 0.46513249651324967 0.007247355880985609 0.018131101813110177
1 0.14692366922361694 0.35355648535564854 0.009223907484890752 0.020920502092050198
1 0.1587829788470479 0.26429567642956764 0.009223907484890735 0.020920502092050236
1 0.22993883658763367 0.8688981868898188 0.010541608554160859 0.022315202231520316
1 0.5300452551139005 0.9456066945606695 0.00856505695025561 0.019525801952580083
1 0.5735293903998141 0.8814504881450488 0.011200459088795824 0.025104602510460268
1 0.6012011128544863 0.9902370990237099 0.01383586122733618 0.019525801952580225
1 0.6496266271501626 0.9532775453277544 0.010541608554160859 0.023709902370990223
1 0.6601682357043237 0.9002789400278941 0.011859309623430932 0.023709902370990223
1 0.6637919136448164 0.8842398884239888 0.011200459088795895 0.025104602510460268
1 0.6687332926545793 0.8570432357043236 0.009223907484890787 0.02092050209205027
1 0.6977227161785217 0.8040446304044631 0.007906206415620573 0.018131101813110177
1 0.7010169688516971 0.7189679218967922 0.009223907484890645 0.023709902370990223
1 0.9065783356578336 0.9532775453277545 0.010541608554160859 0.02092050209205013
1 0.9790518944676895 0.7629009762900977 0.011859309623430932 0.030683403068340453
1 0.9411679887261738 0.706415620641562 0.015153562296606254 0.029288702928870265
1 0.9102020135983264 0.6220362622036262 0.01251816015806611 0.02789400278940022
1 0.843658109600186 0.49930264993026496 0.012518160158065967 0.02789400278940029
1 0.7978679974430497 0.397489539748954 0.009223907484890645 0.022315202231520247
1 0.8146686860762437 0.3368200836820084 0.00856505695025561 0.020920502092050198
1 0.8439875348675036 0.30683403068340304 0.010541608554160859 0.022315202231520212
1 0.9770753428637843 0.3417015341701534 0.010541608554160859 0.022315202231520247
1 0.9688397111808462 0.21408647140864714 0.015153562296606254 0.03207810320781032
1 0.9895935030218503 0.18061366806136683 0.013177010692701004 0.0292887029288703
1 0.7925971931659693 0.18270571827057183 0.011859309623430932 0.025104602510460268
1 0.732971219781497 0.3940027894002789 0.009882758019525824 0.020920502092050198
1 0.7306652429102743 0.27894002789400274 0.011859309623430932 0.025104602510460268
1 0.7395597251278475 0.22175732217573219 0.011200459088796038 0.025104602510460268
1 0.672356970595072 0.2099023709902371 0.009882758019525682 0.020920502092050198
1 0.6884988086936309 0.13807531380753135 0.009223907484890787 0.02231520223152023
1 0.7333006450488145 0.08507670850767085 0.011859309623430932 0.025104602510460258
1 0.7797496077405859 0.0502092050209205 0.011200459088795895 0.025104602510460247
1 0.7303358176429567 0.019525801952580194 0.01251816015806611 0.02510460251046025
1 0.7102408763365876 0.005578800557880056 0.011859309623430932 0.011157601115760111
1 0.6107544456066946 0.48953974895397495 0.010541608554160973 0.022315202231520247
2 0.18348987389586235 0.47210599721059976 0.3669797477917247 0.9442119944211995
