2 0.3897101587608545 0.7002779993227587 0.15091285705566412 0.5994440013544824
2 0.3078576189925202 0.008015559723761034 0.03197366429838363 0.016031119447522068
2 0.551719363530477 0.8766331761954577 0.16134678522745766 0.24673364760908437
2 0.7025194009145094 0.7300891547525765 0.4428158654550342 0.5398216904948455
1 0.37974205017089846 0.39911040082130306 0.019925689697265624 0.04202401730033765
2 0.9774715218306801 0.5795696465886404 0.04505695633863824 0.18556845794178561
1 0.06048647165298462 0.5231067863556884 0.008046531677246093 0.017210299019776738
1 0.7168014844258626 0.541060694785996 0.01364485422770182 0.03009480704546237
1 0.6545940399169922 0.5175277222083449 0.008629989624023438 0.018999362596471885
1 0.9469741821289063 0.09008002990924537 0.008992385864257813 0.020302121668166865
1 0.7091028849283855 0.21680403334040363 0.013320541381835938 0.027843387019147948
1 0.563874626159668 0.7401763344021327 0.01770362854003906 0.03700581038537073
1 0.4534452438354492 0.2533042344132227 0.012769508361816406 0.028269960178429924
1 0.46422405242919923 0.16901678655218524 0.013940238952636718 0.02961862179252515
1 0.8381593704223633 0.04770671545867751 0.010531234741210937 0.02381303528572259
1 0.407942008972168 0.7738202314786901 0.010365104675292969 0.021633026223987044
1 0.28447446823120115 0.24909061318327075 0.008279800415039062 0.018320338071509786
1 0.5845597585042317 0.22232645322890107 0.009646733601888021 0.02163667689347609
1 0.605054251352946 0.2447907806362838 0.007325553894042968 0.01743983696682056
1 0.09132663806279501 0.7532221111730809 0.008749794960021973 0.018895394221161797
1 0.25724517504374184 0.22629513472417223 0.009322261810302735 0.02057801638837686
1 0.6617584228515625 0.26937968833443876 0.009305191040039063 0.020631464208499862
1 0.5566164016723633 0.253903945199447 0.01096343994140625 0.024187384524445285
1 0.6440207481384277 0.29063705730333084 0.012270545959472657 0.025308678405156076
1 0.5729587237040201 0.10522354109153201 0.012964820861816407 0.02820768009341407
1 0.7542998313903808 0.555255423044291 0.013278007507324219 0.027952957573904355
1 0.020245864987373356 0.5420434482831019 0.008745771646499634 0.01802417961213134
1 0.8718269348144532 0.3002618287074921 0.01001129150390625 0.022078542488543965
1 0.2805290699005127 0.6951155657279321 0.00706777572631836 0.017778188417344267
1 0.8466522216796875 0.2715681469295884 0.00919342041015625 0.02102255689795514
1 0.8913557688395183 0.43395117914269227 0.00855712890625 0.020088708913313116
1 0.14150850772857665 0.756649063598229 0.008726167678833007 0.018407449438395812
1 0.9852531433105469 0.3298183218252567 0.013203811645507813 0.02948633969947285
1 0.11326643228530883 0.4802218503436811 0.00930192470550537 0.020715547370279766
1 0.9102033615112305 0.48404798749526257 0.009526443481445313 0.018911948409075247
1 0.4951632022857666 0.02489445674774271 0.012910747528076172 0.028365157273533326
1 0.32821052869160966 0.22233197970321975 0.007559045155843099 0.015870217320148844
1 0.6132623354593912 0.16231130581049302 0.008753013610839844 0.02021764315738699
1 0.9675962448120117 0.22835245521486527 0.0073413848876953125 0.018233125764453555
1 0.307777949833748 0.11305935129044452 0.009264405568440754 0.01897352191289967
1 0.03907040556271871 0.7600717765362287 0.01086668570836385 0.022556696074800164
1 0.6094066301981609 0.006403379429793016 0.00826435089111328 0.012806758859586032
1 0.4151753425598145 0.8012386099111941 0.01079387664794922 0.022981856071699284
1 0.8135162353515625 0.07659453462476636 0.013806915283203125 0.02964443303521439
1 0.764860693613688 0.13167992184942848 0.0117428461710612 0.026318155812323423
1 0.3979658921559652 0.14727794138310105 0.010320186614990234 0.020660181686922893
1 0.16030286484571568 0.10895433744259632 0.007603565851847332 0.01471987790546186
1 0.24663423697153725 0.7040505877140469 0.009808206558227539 0.01909000686931505
1 0.03637315332889557 0.5189380919131581 0.010070890188217163 0.021133237794583794
1 0.1378968914349874 0.053952628222952353 0.009891692797342937 0.022343623993020863
1 0.1654373327891032 0.7475291192203005 0.009345658620198568 0.020961908679024255
1 0.4451350212097168 0.41260847367157355 0.011249732971191407 0.02380986828788244
1 0.8657342910766601 0.22992838362217471 0.010363006591796875 0.021270920186742006
1 0.6818631172180176 0.23400466733888334 0.012815284729003906 0.027070841426491868
2 0.05518843895997739 0.2264360808485003 0.11037687791995478 0.18060573590498374
1 0.06917930613668061 0.9156206415620641 0.009223907484890752 0.02092050209205027
1 0.08169746629474663 0.902370990237099 0.007906206415620636 0.016736401673640273
1 0.08795654637377964 0.9274755927475593 0.009882758019525806 0.019525801952580225
1 0.44999491515574147 0.9539748953974896 0.009223907484890716 0.019525801952580225
1 0.48524341875871685 0.9783821478382149 0.011200459088795967 0.02092050209205027
1 0.4931496251743376 0.9232914923291492 0.008565056950255681 0.019525801952580225
1 0.5020441073919107 0.894002789400279 0.009223907484890787 0.019525801952580225
1 0.4275939969781497 0.8500697350069736 0.010541608554160859 0.023709902370990223
1 0.4295705485820548 0.8744769874476988 0.011859309623431003 0.027894002789400362
1 0.4411004329381683 0.7322175732217573 0.008565056950255681 0.019525801952580225
1 0.44966548988842403 0.7433751743375174 0.008565056950255681 0.022315202231520174
1 0.3778507816132031 0.6785216178521617 0.009882758019525824 0.023709902370990365
1 0.21478527429102745 0.7126917712691772 0.009223907484890716 0.019525801952580368
1 0.2184089522315202 0.592747559274756 0.007247355880985609 0.019525801952580295
1 0.22730343444909346 0.597629009762901 0.009223907484890716 0.020920502092050198
1 0.22960941132031615 0.6052998605299861 0.008565056950255681 0.019525801952580153
1 0.0777443630869363 0.5076708507670851 0.009223907484890752 0.019525801952580153
1 0.03887218154346815 0.49163179916317984 0.009223907484890747 0.020920502092050198
1 0.0032942526731752674 0.025801952580195256 0.006588505346350535 0.02092050209205021
1 0.30043584379358435 0.23919107391910738 0.00790620641562061 0.018131101813110177
1 0.30241239539748954 0.12552301255230125 0.007906206415620681 0.016736401673640166
1 0.30010641852626685 0.06415620641562064 0.008565056950255645 0.019525801952580187
1 0.3017535448628545 0.0509065550906555 0.007906206415620681 0.015341701534170147
1 0.32514273884239886 0.013249651324965132 0.008565056950255681 0.018131101813110184
1 0.36006181717805674 0.028591352859135288 0.009882758019525824 0.02092050209205021
1 0.36006181717805674 0.06973500697350069 0.008565056950255681 0.019525801952580198
1 0.34919078335657827 0.09344490934449094 0.009223907484890716 0.019525801952580205
1 0.41276985994886095 0.08577405857740587 0.009882758019525824 0.02092050209205021
1 0.46448962691771273 0.3117154811715481 0.013177010692701075 0.023709902370990223
1 0.47371353440260333 0.3528591352859135 0.007906206415620644 0.019525801952580153
1 0.47601951127382613 0.38772663877266383 0.007247355880985538 0.0167364016736402
1 0.46811330485820546 0.37517433751743373 0.008565056950255752 0.01673640167364013
1 0.462842500581125 0.3458856345885634 0.011200459088795895 0.02789400278940029
1 0.5148916928172943 0.46373779637377965 0.008565056950255752 0.018131101813110177
1 0.5392691625987912 0.49930264993026496 0.009882758019525895 0.022315202231520247
1 0.5405868636680613 0.5383542538354255 0.00856505695025561 0.019525801952580295
1 0.5471753690144119 0.5474198047419805 0.011200459088795967 0.020920502092050198
1 0.6021893886564389 0.2928870292887029 0.007906206415620716 0.016736401673640166
1 0.6506149029521153 0.1610878661087866 0.009882758019525682 0.023709902370990257
1 0.7504307589493259 0.15481171548117156 0.011859309623430932 0.027894002789400255
1 0.8453052359367735 0.30613668061366806 0.010541608554160859 0.023709902370990223
1 0.8990015545095303 0.25662482566248257 0.009882758019525824 0.019525801952580153
1 0.9118491399349139 0.24407252440725244 0.010541608554160859 0.022315202231520247
1 0.882530291143654 0.17642956764295675 0.009882758019525824 0.020920502092050198
1 0.8568351202928871 0.03835425383542538 0.011200459088795753 0.023709902370990233
1 0.8798948890051139 0.01324965132496513 0.012518160158065967 0.023709902370990233
1 0.9774047681311018 0.05230125523012553 0.012518160158065967 0.026499302649930265
1 0.9964438778475128 0.29358437935843795 0.007112244304974382 0.029288702928870335
1 0.9671925848442585 0.26778242677824265 0.010541608554160859 0.025104602510460233
1 0.8746240847280334 0.4184100418410042 0.00856505695025561 0.019525801952580225
2 0.004941379009762901 0.7754532775453278 0.009882758019525801 0.05299860529986058
1 0.9964438778475128 0.9344490934449093 0.007112244304974382 0.019525801952580083
