2 0.5665767679653407 0.5259110437747289 0.15779056748585726 0.09453713008636483
1 0.13539473215738934 0.4542212102484151 0.013908735911051432 0.029784617902425578
1 0.4205477714538574 0.5430910221928403 0.009494400024414063 0.02067113369539002
1 0.4441638946533203 0.8857077669019604 0.009077644348144532 0.019214768919687156
1 0.40720014572143554 0.7295104576708069 0.008618927001953125 0.018345068413209757
1 0.3191409428914388 0.22221963329378278 0.009883371988932292 0.02187686402847643
1 0.8065051078796387 0.48637067128174105 0.008873939514160156 0.019902474299286797
1 0.1961362838745117 0.4897874455730602 0.011043548583984375 0.023586689571561466
1 0.258918285369873 0.49082660780194837 0.014346885681152343 0.0320104495955933
1 0.1723407665888468 0.9353174716398498 0.009530019760131837 0.022168076419514883
1 0.33672245343526197 0.4940577194735391 0.01376485824584961 0.03082995430505788
1 0.14551715850830077 0.3535175092165105 0.010429000854492188 0.023215835386232085
1 0.3071237246195475 0.9693379428447148 0.009464391072591146 0.020601081217268467
1 0.7288474082946778 0.4805948242725847 0.009129905700683593 0.019652647378031973
1 0.008332929015159607 0.2505831145399066 0.011642301082611084 0.02530004802060364
1 0.8059537887573243 0.3823060495193633 0.009772872924804688 0.022417600520259096
1 0.6058860143025716 0.20152278509003324 0.0090850830078125 0.019313236055721127
1 0.3920389175415039 0.43702960198348784 0.009972190856933594 0.022230356504530736
1 0.28307188351949053 0.3217316851463444 0.013660144805908204 0.03007431619091097
1 0.10818402767181397 0.4874033901630978 0.010184764862060547 0.023477977008251792
1 0.5201743920644124 0.956105494052336 0.010851383209228516 0.024612039820493384
1 0.35353453954060876 0.22615493723943977 0.009240404764811198 0.019776803787382856
1 0.19911408424377441 0.37977147549226503 0.01400585174560547 0.029203606282731533
1 0.8467514673868816 0.8912761313912624 0.010515594482421875 0.022678026159385335
1 0.940745735168457 0.5030269601773533 0.010199737548828126 0.02325479829193082
1 0.22820539474487306 0.9372000058141537 0.008938026428222657 0.020679007028665933
1 0.6974452336629231 0.453709948286332 0.009429041544596355 0.020129084981394704
1 0.8824844360351562 0.3733828375331622 0.008997344970703125 0.018275621576109426
1 0.38867889377251713 0.3086000012749527 0.009116840362548829 0.021038656855102672
1 0.048713670174280806 0.27405342009522293 0.011995303630828857 0.02552120793352054
1 0.2928751309712728 0.42837113924037007 0.009807713826497396 0.020680823951729602
1 0.3817345460255941 0.7848024210567117 0.009561824798583984 0.021195147765642228
1 0.510329802831014 0.6978728474172238 0.009910106658935547 0.021290098819080762
1 0.614090092976888 0.7284529748010268 0.010618082682291667 0.021476838133958107
1 0.45924530029296873 0.7415268802327384 0.009185218811035156 0.019948200196389196
1 0.740716012318929 0.5270707068395982 0.008718299865722656 0.01982141934261301
2 0.8725187427107528 0.11707851192774597 0.2549625145784918 0.23415702385549195
1 0.992302672068278 0.32418755948740696 0.009275245666503906 0.019922224925923375
1 0.2594611167907715 0.39215678390620695 0.011227226257324219 0.029448789956156973
1 0.829175345102946 0.4427159150616731 0.009363365173339844 0.02134319334860805
1 0.13430368900299072 0.16316462877435484 0.00802607536315918 0.016684148382588547
1 0.46208327611287436 0.09264972690973419 0.009959793090820313 0.02427328460928886
1 0.6583052317301433 0.0800627148006822 0.009406280517578126 0.021148479760284597
1 0.36055591901143397 0.43770332714951415 0.010901165008544923 0.023927261705829657
1 0.22235684394836425 0.39046299102682264 0.012284374237060547 0.027575306750447906
1 0.16382077071678908 0.3659996290614398 0.007633113861083984 0.017963615510008957
1 0.24887948036193847 0.40013650812151147 0.011695575714111329 0.025772279783541206
1 0.05880668560663859 0.9657194396232427 0.007463002204895019 0.01472878587548236
1 0.9960899988810222 0.570522926608152 0.007697677612304688 0.021118702410074422
1 0.27408666610717775 0.21570248167464853 0.011913871765136719 0.024211509225124037
1 0.8774472872416177 0.29530294096588167 0.009097099304199219 0.01821112080734909
1 0.4660798072814941 0.478761902191936 0.008132743835449218 0.017630916709016675
1 0.8213058471679687 0.33757873669743144 0.0111724853515625 0.024339804181453276
1 0.7318882942199707 0.812984512816979 0.009884071350097657 0.021703751636576625
1 0.12484687301293466 0.5362686611457328 0.01079092025756836 0.022356935477966508
1 0.36431639989217124 0.7048733846881031 0.010424613952636719 0.02244162428076764
1 0.3489865395702466 0.6100122352944976 0.010262298583984374 0.02242345505013093
1 0.4019718964894612 0.3041076491922633 0.009941577911376953 0.023580128460498208
1 0.05992889404296875 0.23964256278209412 0.00967409610748291 0.021647729842113425
1 0.5513214747111003 0.6989780749875103 0.010782877604166664 0.022371773682986495
1 0.2552348613739014 0.39612031745279763 0.013667678833007813 0.030875983022670896
1 0.4110735893249512 0.9602428297486562 0.011427497863769532 0.024011647688120176
1 0.036392287079371276 0.3229937597099282 0.008845673004786173 0.020059099796719954
1 0.30887548128763836 0.44396343462522386 0.012432511647542317 0.0281627112475882
1 0.3361488342285156 0.8302885179614284 0.010867691040039063 0.02247594393863699
1 0.1832221269607544 0.2607930613457828 0.010073614120483399 0.023135285130409317
1 0.7013331413269043 0.19149056868884373 0.010526466369628906 0.020499030705192253
1 0.45836458206176756 0.07128621935187258 0.010176277160644532 0.02127995433197526
1 0.4726946194966634 0.7071782525345404 0.009844207763671875 0.021690629414450113
1 0.6734597841898601 0.7546258861201075 0.01057605743408203 0.02163390103879548
1 0.5020441073919107 0.4198047419804742 0.011859309623430932 0.025104602510460195
1 0.4275939969781497 0.3437935843793584 0.010541608554160859 0.023709902370990223
1 0.37752135634588563 0.6311018131101814 0.009223907484890787 0.020920502092050198
1 0.05139034170153417 0.1513249651324965 0.007906206415620644 0.015341701534170155
1 0.3498496338912134 0.894700139470014 0.010541608554160859 0.023709902370990365
1 0.400251699790795 0.992329149232915 0.009882758019525824 0.015341701534170084
1 0.7135351290097628 0.5585774058577406 0.009223907484890787 0.018131101813110177
1 0.9128374157368665 0.9658298465829848 0.009882758019525824 0.02092050209205027
1 0.9052606345885634 0.9797768479776849 0.009223907484890787 0.018131101813110177
1 0.6855339812877733 0.021617852161785214 0.011200459088796038 0.023709902370990233
1 0.6733452463970248 0.00906555090655509 0.009223907484890789 0.01813110181311018
1 0.929967529637378 0.07322175732217573 0.011200459088795895 0.02370990237099023
1 0.9339206328451882 0.03138075313807532 0.00856505695025561 0.018131101813110184
1 0.9451210919339843 0.006276150627615063 0.008565056950255752 0.012552301255230125
