1 0.47835531234741213 0.35487555826643474 0.008950233459472656 0.02303999760973677
2 0.5119191169738769 0.29252004499276274 0.050665922976271774 0.4736703776354014
1 0.09321467876434326 0.7538232098866454 0.008054637908935547 0.018022261748897463
1 0.12061533927917481 0.354856598337798 0.011738061904907227 0.024274596831501512
1 0.9352636337280273 0.2826184627108169 0.018274307250976562 0.04069594748096403
1 0.41612586975097654 0.5112175484082139 0.0095123291015625 0.021250732152701214
1 0.19129374027252197 0.2966133294321079 0.009055185317993163 0.018996536271706173
1 0.43169469833374025 0.6436798869577764 0.008770942687988281 0.01879162772619212
1 0.7088329315185546 0.5103034342268468 0.008548736572265625 0.01865414721437431
2 0.27192249429996274 0.8014505211986134 0.08544298543978818 0.3970989576027721
1 0.6153700828552247 0.5165418395659627 0.009568595886230468 0.021016349077487596
1 0.10420314868291218 0.5967701971859496 0.012367637952168782 0.027594216208999447
1 0.6648670514424643 0.593900569087221 0.010353406270345054 0.022325744965373488
1 0.3294860521952311 0.6999641931569563 0.012345250447591145 0.027283791538898844
1 0.9581584777902957 0.2498974833024813 0.008165008530734357 0.020992349226331045
2 0.5545327150228687 0.8846799940889433 0.09118530817887541 0.2306400118221125
1 0.3035189469655355 0.06618191467756211 0.007349872589111328 0.01732862613429834
1 0.08092854817708334 0.12323086369523928 0.008510732650756836 0.01982066229133648
1 0.6646177609761555 0.7407068422900014 0.008857027689615885 0.019256961910832416
1 0.7319451332092285 0.4784716823792379 0.009604072570800782 0.020960428223194598
1 0.5374606927235921 0.7430248323585653 0.009853140513102213 0.01982343814601709
1 0.2930753707885742 0.3964960672363819 0.0139007568359375 0.02857848380865835
1 0.8714164733886719 0.9557544241403666 0.011882400512695313 0.02323965726640022
1 0.9565299987792969 0.30335191013794616 0.009658050537109376 0.019855839940652563
1 0.8319764137268066 0.45375103093560504 0.009475898742675782 0.019472973875068907
1 0.781967322031657 0.7023702703473851 0.012240028381347657 0.02742201227863148
1 0.4141215801239014 0.0886872069706859 0.012935161590576172 0.02899730980987717
1 0.6876640319824219 0.6912045715399324 0.007773208618164063 0.019581181737527563
1 0.979228401184082 0.37709955554024255 0.009747695922851563 0.02244162428076764
1 0.840849494934082 0.6744110208362045 0.008639907836914063 0.018948219576901876
1 0.2672312498092651 0.017202192262357228 0.010031557083129883 0.022076485832576057
1 0.5110116004943847 0.8082240061565429 0.013176536560058594 0.030400958581691017
1 0.43909378051757814 0.46381204052034525 0.010840415954589844 0.022247213512954795
1 0.7168089230855306 0.6271192725201558 0.008674685160319011 0.021716671978362734
1 0.4228844165802002 0.17522455654964425 0.010725879669189453 0.022821613551500485
1 0.03323298692703247 0.43081022386645534 0.013655662536621094 0.03045203430781422
1 0.7707068125406902 0.5717024966137937 0.009028244018554687 0.018859022113164967
1 0.9727986017862956 0.13045616107843938 0.02045440673828125 0.042088467599012885
1 0.4076547145843506 0.8127498605679783 0.010183620452880859 0.022253269923167035
1 0.045050513744354245 0.329530945160686 0.009188580513000488 0.017876605083293137
1 0.08367714881896973 0.03845961801009509 0.009627723693847656 0.020953059590769704
1 0.8215494155883789 0.3735127811789381 0.009026336669921874 0.0192387253867489
1 0.00485804130633672 0.07075552009826458 0.008459235231081644 0.01956903106453926
1 0.04335151116053264 0.26620967911254473 0.010053380330403644 0.02324601649712307
1 0.7833589553833008 0.517280149617558 0.0085693359375 0.01919478276598677
1 0.9410465240478516 0.6933913057405079 0.0099609375 0.01961368447233324
1 0.3922728247001857 0.6783290135426716 0.008263492584228515 0.018003890637920343
1 0.32744180361429853 0.5376915306082897 0.009227911631266275 0.01944531626843302
1 0.37710347175598147 0.24373745313684364 0.009580135345458984 0.02029089207423167
1 0.85196533203125 0.3760870919863734 0.01049652099609375 0.02093633716923925
1 0.8306204795837402 0.8773525789002206 0.007579231262207031 0.015724055953693496
1 0.8960982958475749 0.17735886074347954 0.009709739685058593 0.023129127780026876
1 0.04556266466776529 0.06571575194235806 0.012644195556640625 0.025655290126274807
1 0.3973335107167562 0.033443289002878004 0.012006092071533202 0.026483079432915432
1 0.3817038218180338 0.04664060430726511 0.01099694569905599 0.024660036871425373
1 0.48234877586364744 0.602209324610667 0.010335826873779297 0.023486355042378722
1 0.4895610809326172 0.7550653459744523 0.010160255432128906 0.020616222242799062
1 0.9511053085327148 0.23849822930753428 0.019524383544921874 0.041987830249319534
1 0.7151565233866374 0.6275041237424202 0.008678245544433593 0.017715941979051818
2 0.9720137467111666 0.9495428946964237 0.055972506577665546 0.10091421060715025
1 0.33347183863321944 0.0231323073953883 0.015623855590820312 0.0315247254965718
1 0.7325760205586751 0.8913323887127893 0.010046450297037761 0.022107916078073317
1 0.5960897127787272 0.5969563308598057 0.007659212748209635 0.01677989013402701
1 0.21349403063456218 0.408135007208474 0.014201641082763672 0.036103909964598266
1 0.23302206993103028 0.26204358387939725 0.011069965362548829 0.0244140456766383
1 0.05501401964202696 0.7384937238493723 0.007247355880985582 0.018131101813110177
1 0.07412068514644352 0.5160390516039052 0.008565056950255698 0.019525801952580083
1 0.04941379009762901 0.5146443514644351 0.006588505346350537 0.013947001394700181
1 0.045790112157136215 0.3089260808926081 0.0072473558809855905 0.01534170153417012
1 0.05369631857275685 0.18688981868898188 0.00856505695025569 0.019525801952580187
1 0.14988849662947468 0.09832635983263599 0.011200459088795895 0.023709902370990223
1 0.17788964435146448 0.09972105997210601 0.009223907484890752 0.018131101813110194
1 0.12551102684797769 0.03347280334728033 0.009882758019525806 0.0195258019525802
1 0.23389193979544398 0.07531380753138076 0.007906206415620644 0.016736401673640166
1 0.23817446827057182 0.18758716875871687 0.009882758019525787 0.020920502092050198
1 0.22763285971641095 0.4532775453277545 0.009882758019525787 0.019525801952580225
1 0.22269148070664804 0.4728033472803347 0.009223907484890752 0.019525801952580153
1 0.2506926284286379 0.4532775453277545 0.011200459088795932 0.025104602510460268
1 0.24772780102278008 0.5753138075313807 0.007906206415620644 0.015341701534170084
1 0.25003377789400283 0.595536959553696 0.008565056950255716 0.022315202231520174
1 0.31493055555555555 0.50418410041841 0.007906206415620644 0.020920502092050198
1 0.3132834292189679 0.8535564853556485 0.011200459088795932 0.025104602510460268
1 0.313942279753603 0.8814504881450488 0.007247355880985609 0.016736401673640273
1 0.2783643508833101 0.7377963737796372 0.008565056950255645 0.022315202231520174
1 0.3702740004649 0.3417015341701534 0.009223907484890716 0.019525801952580153
1 0.3742271036727104 0.19386331938633194 0.009223907484890716 0.022315202231520247
1 0.3669797477917248 0.13319386331938632 0.009223907484890716 0.020920502092050198
1 0.5145622675499768 0.5634588563458857 0.009223907484890787 0.019525801952580225
1 0.5745176662017666 0.5383542538354255 0.011859309623431003 0.02789400278940029
1 0.6265668584379358 0.608089260808926 0.009223907484890716 0.022315202231520174
1 0.5992245612505812 0.7691771269177127 0.012518160158066038 0.026499302649930313
1 0.6496266271501626 0.6499302649930264 0.010541608554160859 0.022315202231520174
1 0.7052994973268247 0.896792189679219 0.008565056950255752 0.019525801952580368
1 0.7738199529288703 0.8682008368200838 0.009882758019525682 0.02092050209205027
1 0.7817261593444909 0.8172942817294282 0.008565056950255752 0.019525801952580083
1 0.7995151237796374 0.8152022315202231 0.00856505695025561 0.018131101813110177
1 0.886812819618782 0.9860529986052998 0.009223907484890787 0.022315202231520174
1 0.9747693659925616 0.7566248256624826 0.00856505695025561 0.01813110181311032
1 0.9253555758949327 0.6610878661087867 0.009882758019525824 0.019525801952580225
1 0.929967529637378 0.6276150627615062 0.009882758019525824 0.022315202231520104
1 0.9342500581125058 0.598326359832636 0.009223907484890787 0.019525801952580225
1 0.8281751220362622 0.6164574616457462 0.009223907484890787 0.019525801952580225
1 0.8051153533240353 0.5781032078103209 0.009223907484890645 0.018131101813110177
1 0.8242220188284519 0.5055788005578801 0.007906206415620716 0.018131101813110177
1 0.8107155828684333 0.1324965132496513 0.009882758019525682 0.022315202231520212
1 0.7247355880985589 0.16875871687587168 0.009223907484890645 0.019525801952580205
1 0.7138645542770803 0.13179916317991633 0.009882758019525824 0.02092050209205022
1 0.8255397198977221 0.10948396094839609 0.009223907484890645 0.018131101813110194
1 0.8518937412831241 0.09135285913528592 0.007906206415620573 0.018131101813110177
1 0.9128374157368665 0.19595536959553697 0.00856505695025561 0.018131101813110215
1 0.9912406293584379 0.12900976290097627 0.016471263365876326 0.037656903765690385
1 0.8232337430264994 0.009762900976290097 0.009882758019525824 0.019525801952580194
