0 0.1294931454693977 0.49999999999999967 0.2589862909387954 0.9999999999999993
2 0.4894853161413245 0.5559457332527923 0.04565599495618635 0.1599752698591477
1 0.3951982180277506 0.08674959311017391 0.008627001444498699 0.01927081594919291
1 0.8782415390014648 0.6442537991188327 0.008250808715820313 0.021402007821113556
1 0.9200574874877929 0.8009471956398153 0.014605712890625 0.030380030319735393
1 0.8407899538675943 0.2827286641416371 0.009295463562011719 0.02574063504018226
1 0.9471521377563477 0.7548017911900495 0.0086883544921875 0.018195475080967475
1 0.8294498443603515 0.24884235083465406 0.009688568115234376 0.023177982822405595
1 0.5470332258305182 0.314392469049831 0.020893250593525134 0.043982314158370256
1 0.7139678955078125 0.06420711908477143 0.012900924682617188 0.02835247456173124
1 0.7707667032877603 0.6621884447999931 0.012356440226236977 0.02823323477983737
1 0.8216873168945312 0.1414854897159463 0.007437515258789063 0.015670608133570494
1 0.8312929153442383 0.44161491015517335 0.009467697143554688 0.020705958054110393
1 0.8540478706359863 0.291966052407598 0.012026786804199219 0.026407344864379477
1 0.9765108108520508 0.672987293382201 0.010843276977539062 0.02402900939739526
1 0.7435977617899577 0.13276356084081276 0.012247403462727867 0.025809795880133678
1 0.826345698038737 0.6337238887967717 0.012455368041992187 0.027990911077901047
1 0.8084581375122071 0.6128085135362115 0.012564849853515626 0.02648347057607497
1 0.7879852394235239 0.6122733612273361 0.009223907484890787 0.022315202231520316
1 0.7817261593444909 0.6792189679218967 0.012518160158065967 0.02510460251046041
1 0.8163158124128312 0.7126917712691773 0.006588505346350502 0.01673640167364013
1 0.8703415562529057 0.6834030683403068 0.010541608554160859 0.022315202231520174
1 0.9042723587866109 0.607391910739191 0.008565056950255752 0.020920502092050198
1 0.9266732769642028 0.601813110181311 0.005929654811715466 0.012552301255230134
1 0.799844549046955 0.10599721059972106 0.010541608554160859 0.025104602510460268
1 0.7339594955834496 0.024407252440725245 0.007906206415620573 0.01813110181311018
