2 0.6249188946325355 0.6669080012863309 0.07917794254645248 0.0931821736724411
2 0.3859055995941163 0.5310731857880835 0.2537718772888182 0.11146489470718818
1 0.9049251556396485 0.619367336622278 0.009044647216796875 0.020536883269018744
1 0.23751362959543865 0.048264363634809765 0.009592771530151367 0.021067260775834224
1 0.33094205856323244 0.5905655395104051 0.010977363586425782 0.024096572017985117
1 0.43854432106018065 0.7355601721850882 0.008707332611083984 0.020862987312224367
1 0.6398820877075196 0.06244335574115387 0.009590530395507812 0.02083304172839719
1 0.2173779010772705 0.19706741215244283 0.008288002014160157 0.018161054482927923
1 0.9789523760477702 0.5350671366530716 0.009507179260253906 0.020876143181074284
1 0.8664580345153808 0.6235064555949387 0.01010303497314453 0.019861593530354188
1 0.3475611209869385 0.6519514292051407 0.010043811798095704 0.021480471980085448
1 0.113045334815979 0.7331091429721954 0.01293039321899414 0.029334693917103086
1 0.18099524180094403 0.8878456797068804 0.012478256225585937 0.027139379802060364
1 0.2556378841400146 0.9569164473797548 0.00886087417602539 0.01825442414036659
1 0.6432699839274089 0.2253108250661091 0.008897654215494792 0.019204473022326352
1 0.15654501914978028 0.22064953418130254 0.008753681182861328 0.020037683657275013
1 0.8396913528442382 0.9843594552137885 0.012345504760742188 0.025077172124793275
1 0.1491026242574056 0.13741495117725847 0.013244024912516276 0.028440498595989527
1 0.3919880231221517 0.26744118283575663 0.009077072143554688 0.01889468763997037
1 0.45210943222045896 0.6778848431470508 0.010383224487304688 0.021616404742626792
1 0.08486083745956421 0.21401599854592324 0.010046696662902832 0.021603972278330007
1 0.34322759310404466 0.9638063878708139 0.008857313791910808 0.01851626294187569
1 0.00627333422501882 0.5340044890112493 0.008739678064982097 0.018517877984598953
1 0.15995581150054933 0.2589923391794291 0.009844255447387696 0.02352521700790725
1 0.4101377328236897 0.11218562015756356 0.009803295135498047 0.021392199801242077
1 0.8343709945678711 0.6370016180036349 0.00959320068359375 0.021082162068460586
1 0.14547542730967206 0.7594114259427542 0.009696626663208007 0.02138484799217889
1 0.4729539712270101 0.16669017451074972 0.010021495819091796 0.021361867280095783
1 0.213702392578125 0.8890163165074593 0.013483428955078125 0.029100445428783078
1 0.06592963933944702 0.7328619068486425 0.010173773765563965 0.022847067297753584
1 0.1886114199956258 0.11768360831903124 0.012237787246704102 0.025874220943766367
1 0.6697296778361003 0.6108208669980015 0.008837509155273437 0.018624672684674753
1 0.24707469940185547 0.4405454995219473 0.008928871154785157 0.019409785328521223
1 0.40239346822102867 0.71369892023627 0.010672569274902344 0.023648464955726298
1 0.44394259452819823 0.09888173095972298 0.009762287139892578 0.02164026026951833
1 0.9263860702514648 0.5980216534161383 0.010858917236328125 0.022203607359426683
1 0.08151225646336872 0.045408528589755456 0.010189032554626465 0.022374171012028835
1 0.1842055320739746 0.9808875171194528 0.010346603393554688 0.02208046035177784
1 0.6891377131144206 0.8735283596118728 0.010480880737304688 0.02222258411142503
1 0.3638960838317871 0.813902395431367 0.01220245361328125 0.025140158791000553
1 0.1340709726015727 0.7918453868458001 0.009133521715799968 0.022626681259474916
1 0.651140848795573 0.5599981978814946 0.011286544799804687 0.024906986997829384
1 0.7883372942606609 0.05837986829393885 0.01008434295654297 0.022469042154499293
1 0.3508362611134847 0.44991870278691776 0.012033557891845703 0.024226246489973815
1 0.12400859328881357 0.9359754389002863 0.009578132629394531 0.019393029260267366
1 0.07412068514644352 0.5334728033472803 0.009882758019525787 0.020920502092050198
1 0.1416528649465365 0.5523012552301255 0.010541608554160878 0.022315202231520316
1 0.17492481694560666 0.5244072524407253 0.011200459088795932 0.025104602510460337
1 0.025695170850767085 0.4128312412831241 0.010541608554160855 0.022315202231520247
1 0.014494711761971178 0.19525801952580196 0.011859309623430963 0.025104602510460233
1 0.06489677766155276 0.07880055788005579 0.011200459088795904 0.02092050209205022
1 0.2391627440725244 0.015341701534170155 0.011859309623430932 0.025104602510460254
1 0.04447241108786611 0.6331938633193863 0.01120045908879591 0.025104602510460195
1 0.07906206415620641 0.7133891213389121 0.006588505346350529 0.015341701534170226
1 0.17393654114365412 0.7475592747559275 0.010541608554160859 0.02510460251046041
1 0.13605263540213852 0.8695955369595538 0.009882758019525787 0.02092050209205027
1 0.6371084669920967 0.802649930264993 0.013177010692701004 0.026499302649930313
1 0.6838868549511855 0.7622036262203625 0.009223907484890787 0.018131101813110177
1 0.6950873140399814 0.8138075313807532 0.011859309623430932 0.023709902370990223
1 0.7263827144351463 0.9260808926080892 0.008565056950255752 0.019525801952580225
1 0.8380578800557881 0.3947001394700139 0.013177010692701004 0.02789400278940029
1 0.8327870757787076 0.0502092050209205 0.013177010692701146 0.025104602510460247
1 0.6492972018828452 0.015341701534170155 0.01251816015806611 0.025104602510460254
1 0.4272645717108322 0.23500697350069735 0.008565056950255752 0.018131101813110177
1 0.4279234222454672 0.4211994421199442 0.009882758019525824 0.019525801952580225
