2 0.32448388830776376 0.042538354253835425 0.03623677940492789 0.08228730822873082
2 0.4364884791957229 0.23430962343096234 0.09553332752208282 0.1394700139470014
2 0.4473595130172008 0.6276150627615061 0.04348413528591359 0.22594142259414202
2 0.1933726319153878 0.7956764295676418 0.3867452638307756 0.40864714086471615
2 0.023059768712226873 0.011854951185495122 0.021083217108321714 0.023709902370990243
2 0.518515370757787 0.2691771269177127 0.09223907484890732 0.5383542538354253
2 0.9015694008600655 0.8460814893079457 0.196861198279869 0.29288702928870275
2 0.6741378702737677 0.4570474762903754 0.2905530857740588 0.34867503486750406
2 0.8252102946304042 0.13807531380753135 0.04150758368200869 0.2761506276150627
2 0.987878820897257 0.06694560669456065 0.024242358205485596 0.1338912133891213
1 0.03511303287695324 0.08435654649608518 0.006590911028876074 0.013952093908976898
1 0.05006933098094126 0.10045511639105854 0.005576924716741303 0.010732379929982248
1 0.07757370969759718 0.10769947284379656 0.005323428138707591 0.011268998926481366
1 0.11673893100380309 0.11011425832804257 0.005069931560673897 0.010732379929982265
1 0.1386663850037177 0.10528468735955056 0.0063374144508423665 0.01287885591597867
1 0.12041463138529164 0.17665501389393248 0.005830421294774979 0.012878855915978739
1 0.08036217205596782 0.23058522304209325 0.005830421294774988 0.012342236919479568
1 0.06756059486526622 0.24641548343881708 0.005069931560673897 0.010732379929982265
1 0.19152042152374313 0.15358039704447066 0.004562938404606527 0.011805617922980485
1 0.20736395765084908 0.14660435008998218 0.005323428138707627 0.011805617922980467
1 0.23169962914208383 0.1463360405917326 0.005830421294775015 0.012342236919479586
1 0.2484304032923077 0.17719163289043155 0.005323428138707556 0.01073237992998223
1 0.32245140407814665 0.1404332316302424 0.004309441826572851 0.010195760933483147
1 0.3206769280319108 0.18282613235367223 0.004816434982640132 0.010195760933483093
1 0.30724160939612494 0.23621972250533388 0.004816434982640239 0.010732379929982194
1 0.2787232443673343 0.2901499316534947 0.0050699315606738795 0.011268998926481437
1 0.33094353944227545 0.2909548601482433 0.005576924716741303 0.011805617922980467
1 0.34780106188151616 0.2759295282462682 0.005323428138707556 0.01073237992998223
1 0.3536314831762911 0.22495072357885257 0.00430944182657278 0.010732379929982265
1 0.3367739607370504 0.20026624973989338 0.0050699315606738795 0.01073237992998223
1 0.347927810170533 0.13318887517750436 0.005069931560673808 0.010732379929982248
1 0.38810701778887363 0.1055529968578001 0.004816434982640274 0.010195760933483147
1 0.2704846055812392 0.3760089710933526 0.004816434982640239 0.0101957609334832
1 0.2934260458932886 0.3827167085495915 0.006083917872808726 0.012878855915978704
1 0.3093963303094114 0.4170603243255347 0.005069931560673951 0.01073237992998223
1 0.20140678806705725 0.375204042598604 0.006083917872808726 0.012878855915978633
1 0.14196184051815572 0.40096175443056126 0.005323428138707591 0.01073237992998223
1 0.11648543442576936 0.41893849081328155 0.004562938404606491 0.009122522940484856
1 0.10203612947784876 0.42779270425551685 0.005576924716741285 0.01073237992998223
1 0.1379745660440541 0.010732379929982242 0.0072427593723912945 0.013798774195691454
1 0.1499251190084997 0.020314862010323526 0.0028971037489565177 0.008432584230700329
1 0.21094536672089628 0.01954826344389623 0.003983517654815217 0.008432584230700337
1 0.4110265943832057 0.08010955019165315 0.0057942074979130355 0.011498978496409542
1 0.4593720131939176 0.07167696596095283 0.005432069529293529 0.01303217562926415
1 0.497215430914662 0.13492134769120534 0.0057942074979130355 0.013798774195691444
1 0.47910853248368385 0.1721013781629295 0.0065184834351521915 0.014565372762118755
1 0.4818245672483306 0.21618079573249943 0.0061563454665326135 0.013798774195691444
1 0.44162725273155884 0.18398365594255275 0.006880621403771698 0.013798774195691444
1 0.4208043195359339 0.21349770075000385 0.0057942074979130355 0.01303217562926413
1 0.43655732117088497 0.4427106721117674 0.006880621403771698 0.014565372762118826
1 0.4026974211049557 0.48525689254848275 0.0043456556234347235 0.01073237992998223
1 0.356705899090271 0.4860234911149101 0.0065184834351521915 0.012265577062836784
1 0.3445742771415156 0.5220536237369933 0.0054320695292934575 0.012265577062836925
1 0.32719165464777644 0.4975224696113196 0.003983517654815217 0.009199182797127677
1 0.006699552419461943 0.5205204266041388 0.004707793592054339 0.009199182797127534
1 0.00651848343515216 0.536618996499112 0.0028971037489565164 0.0076659856642729805
1 0.020098657258385826 0.47605770975135514 0.003983517654815207 0.009199182797127534
1 0.046534728967614035 0.521287025170566 0.005432069529293466 0.012265577062836854
1 0.07496255950424985 0.43466138716428077 0.005069931560673897 0.01073237992998223
1 0.02118507116424452 0.26562640326706044 0.005432069529293466 0.011498978496409542
1 0.05558817818310315 0.5189872294712841 0.005432069529293466 0.012265577062836854
1 0.08075676700216289 0.5347025000830438 0.004345655623434776 0.009965781363554953
1 0.11678949487980955 0.5232035215866343 0.0032592417175760957 0.006899387097845775
1 0.17074805220412453 0.4446271685278356 0.0061563454665325874 0.01686516846140064
1 0.17744760462358655 0.47107481906957765 0.007242759372391268 0.014565372762118828
1 0.20116764156816808 0.47184141763600507 0.003983517654815181 0.008432584230700329
1 0.21329926351692347 0.4511432563424678 0.005069931560673951 0.011498978496409507
1 0.2027972624269561 0.5806984140686821 0.005069931560673915 0.009965781363554953
1 0.25965292350022773 0.5665163405897768 0.005794207497913 0.012265577062836854
1 0.2783030288841353 0.5630666470408541 0.006156345466532685 0.013032175629264273
1 0.259471854515918 0.6305273208864567 0.004707793592054373 0.009965781363554953
1 0.32900234449087434 0.5979468818132964 0.0054320695292934575 0.01073237992998223
1 0.34276358729841777 0.6186450431068335 0.0054320695292934575 0.012265577062836713
1 0.3851337296269069 0.6228613352221837 0.004707793592054373 0.009965781363555025
1 0.38187448790933076 0.6374267079843023 0.005432069529293386 0.011498978496409507
1 0.005044509981597123 0.7976411784228997 0.007062313974235972 0.01174642236067612
1 0.002270029491718705 0.7591983416061422 0.00454005898343741 0.009610709204189476
1 0.058264090287446745 0.719687648211141 0.007566764972395713 0.01601784867364868
1 0.10744806260801841 0.7100769390069481 0.005044509981597286 0.01815356183013467
1 0.12308604355096979 0.7095430107178299 0.006053411977916561 0.012814278938919444
1 0.14780414246079568 0.7180858633437762 0.006053411977916525 0.012814278938919302
1 0.16142431941110794 0.7287644291262089 0.006053411977916561 0.01281427893891916
1 0.19724034028044748 0.6956608752006673 0.006053411977916561 0.01281427893891916
1 0.0839910911935921 0.8067179593379677 0.00554896097975682 0.01281427893891916
1 0.009836794464114389 0.8440929395764823 0.009584568965034533 0.017085705251892448
1 0.006053411977916547 0.8659839994304693 0.006053411977916546 0.011746422360675836
1 0.07566764972395683 0.8569072185154014 0.005044509981597125 0.010678565782432656
1 0.06784865925248129 0.9081643342710786 0.0055489609797568385 0.008542852625946153
1 0.05725518829112733 0.9679643026527017 0.00554896097975683 0.01281427893891916
1 0.09307120916046692 0.8307447323484414 0.0055489609797568385 0.013882135517162482
1 0.11425815108317483 0.9092321908493217 0.0055489609797568385 0.012814278938919302
1 0.12459939654544891 0.9231143263664842 0.006053411977916561 0.01281427893891916
1 0.15587535843135109 0.9482089559552012 0.006053411977916543 0.013882135517162766
1 0.2224628901884331 0.8291429474810763 0.006053411977916525 0.012814278938919302
1 0.2315430081553079 0.8643822145631043 0.006053411977916561 0.01281427893891916
1 0.22826407666726978 0.927919680968579 0.005548960979756891 0.011746422360675695
1 0.24793766559549826 0.9076304059819562 0.00454005898343771 0.009610709204189945
1 0.2592878130540921 0.9284536092577008 0.006053411977916525 0.01281427893891916
1 0.27795249998600147 0.8643822145631043 0.006053411977916561 0.01281427893891916
1 0.29333825542987263 0.8932143421756727 0.00655786297607623 0.014949992095405946
1 0.38817504308389855 0.7383751383303984 0.005548960979756856 0.012814278938919302
1 0.37178038564370797 0.7821572580383724 0.004035607985277707 0.010678565782432656
1 0.3775815721225446 0.784292971194859 0.004540058983437447 0.010678565782432656
1 0.3823738566050619 0.8264733060354682 0.006053411977916525 0.013882135517162624
1 0.398011837548013 0.8558393619371583 0.007062313974236005 0.014949992095405519
1 0.42449551495139787 0.8141929553856707 0.005548960979756785 0.01281427893891916
1 0.5147922436219864 0.6903215923094511 0.005548960979756927 0.012814278938919302
1 0.5094955081413093 0.703669799537492 0.007062313974236005 0.013882135517162482
1 0.511765537633028 0.5653823726549883 0.006557862976076194 0.01281427893891923
1 0.5253857145833404 0.7244930028132359 0.005548960979756856 0.014949992095405804
1 0.5571661274674022 0.7624019113408719 0.006557862976076336 0.016017848673649127
1 0.5695251769223151 0.7928358238208052 0.007062313974236005 0.014949992095405946
1 0.5989614564630287 0.9407339599074982 0.006053411977916454 0.013882135517162766
1 0.6448664972955624 0.9279196809685791 0.009080117966874753 0.018153561830135487
1 0.6637834097265517 0.9279196809685791 0.006557862976076336 0.016017848673648985
1 0.6723590766952668 0.9503446691116878 0.009584568965034634 0.016017848673649412
1 0.7016172345885301 0.9711678723874317 0.008575666968715154 0.017085705251892166
1 0.6367952813250071 0.7992429632902648 0.0060534119779165965 0.014949992095405946
1 0.6466320757891207 0.8173965251204001 0.0045400589834382 0.010678565782433466
1 0.6037537409455459 0.7367733534630334 0.006557862976076265 0.013882135517162624
1 0.6612611547357531 0.8056501027597244 0.006557862976076336 0.014949992095405804
1 0.7076706465664466 0.8168625968312787 0.005548960979756856 0.009610709204189334
1 0.7523145599035811 0.7821572580383724 0.005044509981596974 0.012814278938919302
1 0.78939170826832 0.7762840468580344 0.0055489609797567145 0.013882135517162624
1 0.6007270349565875 0.12173564991973293 0.00151335299447922 0.004271426312973076
1 0.6002225839584279 0.12173564991973297 0.006557862976076265 0.012814278938919265
1 0.5926558189860323 0.18313740316872107 0.006557862976076265 0.013882135517162518
1 0.6055193194391049 0.23599630379176303 0.007062313974236076 0.014949992095405769
1 0.7576112953842581 0.22691952287669523 0.005548960979756998 0.013882135517162553
1 0.7518101089054214 0.24560701299595253 0.0070623139742357925 0.012814278938919265
1 0.7258308825001962 0.2621587899587232 0.008575666968715154 0.016017848673649093
1 0.700103881594051 0.27764271034325066 0.007566764972395532 0.014949992095405804
1 0.6960682736087733 0.13615171372601714 0.0075667649723956745 0.013882135517162553
1 0.7543323638962199 0.07795353021175884 0.007062313974236076 0.01708570525189236
1 0.7735015018262884 0.13027850254567905 0.0050445099815987085 0.010678565782432843
1 0.7714836978336492 0.2173088136725055 0.006053411977916602 0.011746422360675827
1 0.8784273094435093 0.20929988933568125 0.008071215970555413 0.014949992095405804
1 0.8804451134361477 0.18527311632520757 0.006053411977916948 0.011746422360676018
1 0.8968397708763388 0.19915525184237015 0.011602372957673168 0.01815356183013563
1 0.9006231533625365 0.17779812027750475 0.005044509981597258 0.00961070920418944
1 0.9268546052668415 0.1521695623996662 0.006053411977916454 0.011746422360675997
1 0.8628634323521877 0.39831050368474036 0.0055489609797567145 0.01281427893891923
1 0.8901037862528122 0.42500691814082214 0.0055489609797567145 0.012814278938919302
1 0.9186052676488359 0.43942298194710633 0.006053411977916739 0.011746422360675978
1 0.9478634255420992 0.43835512536886306 0.0060534119779165965 0.011746422360675978
1 0.9882195053948764 0.44369440826007944 0.006053411977916454 0.01174642236067605
1 0.8600889518623095 0.5974657555271106 0.006053411977916454 0.011746422360675978
1 0.8785014132951389 0.6108139627551514 0.0055489609797567145 0.01281427893891923
1 0.9289465131111101 0.6257639548505572 0.004540058983437376 0.014949992095405804
1 0.971068171457446 0.6337728791873818 0.006053411977916454 0.013882135517162553
1 0.8366319804478826 0.6658085765346797 0.005548960979756856 0.016017848673649127
1 0.8076260480536993 0.807785815916211 0.0060534119779165965 0.01281427893891916
1 0.8494954809009553 0.7575965567387771 0.008071215970555413 0.017085705251892305
1 0.878249187796059 0.7624019113408719 0.007062313974236076 0.016017848673649127
1 0.9128040811699992 0.6945930186224242 0.0055489609797567145 0.010678565782432656
1 0.9264242581203116 0.689253735731208 0.0055489609797567145 0.01281427893891916
1 0.9491245530374985 0.7714786922559398 0.0045400589834375185 0.014949992095405804
1 0.8742135798107813 0.8451607961547256 0.007062313974236076 0.01281427893891916
1 0.8699257463264237 0.848898294178577 0.0055489609797567145 0.011746422360675836
1 0.8636201088494273 0.8558393619371583 0.007062313974236076 0.014949992095405519
1 0.8411720394313201 0.8553054336480366 0.006557862976076194 0.01388213551716234
1 0.8222551270003309 0.8392875849743876 0.009080117966874753 0.01815356183013577
1 0.8908604627500513 0.877196493502023 0.007062313974236254 0.014949992095406553
1 0.8272255331302983 0.34331588990521184 0.006557862976076336 0.013882135517162553
1 0.8547922163816308 0.31768733202737276 0.007566764972398522 0.01601784867365
1 0.8762313838034201 0.32356054320771127 0.007062313974236076 0.014949992095405769
1 0.8946438452362497 0.28244806494534536 0.005548960979756856 0.013882135517162482
1 0.8840503742748956 0.24026773010473612 0.0055489609797567145 0.01281427893891923
1 0.9009494827132459 0.2253177380093303 0.008071215970555698 0.017085705251892413
1 0.948367876540259 0.2050284630227081 0.0060534119779165965 0.014949992095405769
1 0.9700592694611265 0.20556239131182977 0.005044509981597116 0.013882135517162482
1 0.9425666900614221 0.25308200904365535 0.008575666968715154 0.01922141840837888
1 0.9466022980466999 0.30540698137757566 0.013620176950312129 0.017085705251892413
1 0.9072551201902425 0.3118141208470353 0.007566764972395817 0.014949992095405804
1 0.9932640153764735 0.28298199323446693 0.006053411977916739 0.014949992095405769
1 0.7728189291806791 0.33530696556838735 0.01008901996319409 0.021357131564865385
1 0.7473441537736136 0.3513248142420364 0.006557862976076336 0.012814278938919302
1 0.7168248683849511 0.34438374648345516 0.008071215970555273 0.016017848673649054
1 0.7087536524143957 0.29633020046250785 0.008071215970555413 0.01815356183013563
1 0.5458159800088086 0.612949675911638 0.010089019963194232 0.01922141840837888
1 0.540014793529972 0.6417818035242064 0.007566764972395746 0.01281427893891916
1 0.5427892740198503 0.5750407673840018 0.007062313974235934 0.016017848673648843
1 0.8220029015012511 0.5825157634317047 0.007566764972395817 0.016017848673649197
1 0.7962759005951058 0.6081443213095432 0.005548960979756998 0.013882135517162553
1 0.7793767921567555 0.6295014528744086 0.0060534119779165965 0.013882135517162553
1 0.7591987522303668 0.6209586002484625 0.005044509981597258 0.011746422360675907
1 0.745074124281895 0.48213724507683714 0.008071215970555556 0.013882135517162482
