2 0.4631878524977124 0.6037651322773826 0.10014940698110245 0.2536577801163285
1 0.42811026573181155 0.5197125721924096 0.013804149627685548 0.030121152429885615
2 0.9098934173583983 0.11325862959411256 0.15476951599121094 0.22651725918822513
1 0.26908020178476977 0.05781040380913209 0.009574683507283528 0.019760325304597058
1 0.5041498184204102 0.34603178619418407 0.011859703063964843 0.025948891434674756
1 0.6565829277038574 0.5596596950207157 0.010714912414550781 0.0223236252217992
1 0.5685973803202311 0.6221329963456966 0.00793285369873047 0.017627989444080762
1 0.24740431308746338 0.11011082019406353 0.009580183029174804 0.019888140795117835
1 0.6156934102376301 0.8062278133505894 0.009773000081380209 0.020292002416103915
1 0.4792314052581787 0.42842206355623796 0.009984302520751952 0.02099303189817048
1 0.635931936899821 0.5217419743143605 0.01099987030029297 0.025577431608324142
1 0.8460624694824219 0.18646818958017503 0.011977386474609376 0.02555209562560295
1 0.631246821085612 0.8896399248789794 0.008805211385091145 0.0195745196862941
1 0.6951772054036458 0.4235208294751757 0.012579854329427083 0.0265044661314774
1 0.20989575386047363 0.23140831792762026 0.012404441833496094 0.025862789469490766
1 0.283499542872111 0.8364578802241249 0.00919669469197591 0.01974793489870452
1 0.48407726287841796 0.1878800817992222 0.008916664123535156 0.019832539584697148
1 0.6821902910868327 0.1758398878272077 0.00849742889404297 0.018468568711454313
1 0.30763309796651206 0.7939935282546341 0.010669231414794922 0.022664500176578003
1 0.49162445068359373 0.7345645992863665 0.0103790283203125 0.02336017982962376
1 0.5188012123107909 0.44063940752696046 0.009929275512695313 0.021906641378686604
1 0.1964508295059204 0.9185751312491387 0.009362268447875976 0.02092207095851709
1 0.585392157236735 0.7029129247024014 0.009576352437337239 0.019129575416035004
1 0.3418821493784586 0.7860460712470713 0.008837159474690754 0.02017672874173098
1 0.15744630495707196 0.9830328658502445 0.008800570170084636 0.01710027423425441
1 0.3088712533315023 0.7922535552473814 0.009970887502034505 0.022437384793619074
1 0.8938301086425782 0.20993936995029977 0.012569046020507813 0.027145839972953417
1 0.7316745440165202 0.6604354841575075 0.010547828674316407 0.02382248580915794
1 0.4160641126220363 0.3926080892608089 0.008565056950255752 0.018131101813110177
1 0.5119268654114366 0.40097629009762903 0.010541608554160859 0.023709902370990223
1 0.4891965219665272 0.1394700139470014 0.012518160158065967 0.02789400278940029
