2 0.3931450910093839 0.5860751059713927 0.23798178300808773 0.21644454476717936
1 0.5320504029591878 0.7954795021469301 0.01362454096476237 0.028755230046685502
1 0.7538234710693359 0.25083354710218264 0.008629608154296874 0.018515354480343853
1 0.30171899795532225 0.7727661469279734 0.013820648193359375 0.03072760097247106
1 0.2836301326751709 0.27912073440299406 0.014821910858154297 0.0332616030052715
1 0.0677643040815989 0.8347494678434226 0.008908736705780029 0.019107368578590134
1 0.3630624453226725 0.2111177286738992 0.009328333536783855 0.020855652326522877
1 0.2643977880477905 0.7799485447388368 0.010338068008422852 0.02018036258785832
1 0.5604137738545736 0.7920754967871417 0.014296658833821614 0.03142752011266538
1 0.9329180717468262 0.5095843364543137 0.010591697692871094 0.022072788898842333
1 0.7340060869852703 0.5288482632368902 0.010902722676595054 0.024100273157559263
1 0.6880698184089182 0.255357271962282 0.00961456298828125 0.019802139770104053
1 0.21602916717529297 0.6949472648174786 0.007441329956054688 0.017462312978052646
1 0.7360849380493164 0.05449875239631965 0.010182952880859375 0.021263892227391556
1 0.9086316108703614 0.5266285888941048 0.010745429992675781 0.024137621020534728
1 0.9697757720947265 0.759327477367868 0.010206985473632812 0.023168191625895812
1 0.23634419441223145 0.10281552080282698 0.008329486846923828 0.01781028739146913
1 0.9332645098368327 0.989227799622726 0.006932258605957031 0.016612329451488425
1 0.8134490648905435 0.6275751856222436 0.014122962951660156 0.029335097677783903
1 0.4907329400380453 0.8985580562099469 0.012134265899658204 0.02700008236717889
1 0.6968419392903645 0.12579426455261164 0.010975265502929687 0.023807142903286935
1 0.18536579608917236 0.7313434975149876 0.009928369522094726 0.01906759815152977
1 0.2786162217458089 0.12675906331694245 0.011681079864501953 0.02533262646053697
1 0.572945467631022 0.9323004708926235 0.009675343831380209 0.018019233543791344
1 0.023425865173339843 0.05434225097117903 0.012778401374816895 0.030420843795221194
1 0.5555578867594401 0.19317631158965423 0.008263142903645833 0.019130130586971127
1 0.09122755989148307 0.31603386066531775 0.01320178508758545 0.027713426550010335
1 0.4778403123219808 0.799515191091855 0.00868539810180664 0.020129488742075523
1 0.5325681957961348 0.1794895170599876 0.01198727289835612 0.02595301315829142
1 0.09663459062576293 0.04638735172898399 0.012323737144470215 0.02653465985988966
1 0.6661863009134928 0.23111425397677354 0.009448941548665364 0.02268756500546961
1 0.8888755798339844 0.9323472061914277 0.010612869262695312 0.021247905827935502
1 0.9543891906738281 0.10502537871405991 0.01443328857421875 0.03066330208405113
1 0.007209406793117523 0.2251005162214891 0.009801378846168518 0.021400426425113698
1 0.9715080897013345 0.5367695430936467 0.008942413330078124 0.023045448378927788
1 0.8834196726481118 0.6295036139272671 0.0098724365234375 0.0199889800251516
1 0.9839769999186196 0.5388692332207828 0.012224197387695312 0.027533046465855842
1 0.12332924604415893 0.16578295790767986 0.010979056358337402 0.023595404072922408
1 0.9585830688476562 0.029054304204938694 0.009249496459960937 0.018420064856751094
1 0.08423307339350382 0.3086532710536969 0.010671385129292806 0.02355600375981946
1 0.9210140228271484 0.07815456495526871 0.010407257080078124 0.024006167478046184
1 0.5905699412027995 0.9060403809132097 0.00838470458984375 0.01764474551233462
1 0.5575721402879872 0.735843829455447 0.014368438720703126 0.02530771947353914
1 0.005388391762971878 0.5840785521788002 0.009156541526317596 0.020110713870417584
1 0.12353447524407252 0.7998605299860528 0.009882758019525806 0.02092050209205027
1 0.028659998256624828 0.8500697350069735 0.009882758019525801 0.02092050209205027
1 0.1367114859367736 0.2873082287308229 0.008565056950255681 0.019525801952580187
1 0.002635402138540214 0.06973500697350069 0.005270804277080428 0.019525801952580198
1 0.17558366748024176 0.31659693165969316 0.008565056950255716 0.019525801952580187
1 0.17657194328219433 0.34449093444909346 0.009223907484890787 0.019525801952580225
1 0.23619791666666665 0.06624825662482565 0.008565056950255716 0.018131101813110187
1 0.5998834117852161 0.18200836820083682 0.008565056950255681 0.018131101813110177
1 0.7777730561366806 0.36750348675034866 0.00856505695025561 0.018131101813110177
1 0.8117038586703859 0.18061366806136683 0.009223907484890787 0.020920502092050236
1 0.8439875348675036 0.15271966527196654 0.007906206415620716 0.018131101813110194
1 0.8835185669456067 0.03277545327754533 0.009223907484890787 0.018131101813110184
1 0.9098725883310089 0.004881450488145048 0.007906206415620575 0.009762900976290095
1 0.8532114423523942 0.5585774058577405 0.014494711761971217 0.032078103207810287
1 0.8535408676197117 0.598326359832636 0.00856505695025561 0.01673640167364013
1 0.8252102946304045 0.7608089260808926 0.00856505695025561 0.02092050209205013
1 0.5521167480241749 0.7105997210599722 0.010541608554160859 0.02092050209205013
1 0.5175270949558345 0.7133891213389121 0.007247355880985609 0.015341701534170226
1 0.46251307531380753 0.7810320781032078 0.009223907484890787 0.019525801952580225
1 0.9194259210832172 0.8751743375174337 0.009882758019525824 0.02092050209205027
1 0.9967733031148304 0.8577405857740585 0.006453393770339346 0.022315202231520174
1 0.9938760314969781 0.9546722454672246 0.009882758019525824 0.023709902370990223
