2 0.4105114413659997 0.26714593283791 0.20699585941656978 0.53429186567582
1 0.11602749427159625 0.2318136431810743 0.01424872875213623 0.030218357813792035
1 0.5816343307495118 0.966464781840029 0.009536361694335938 0.021122336256201763
1 0.7361738204956054 0.8984472533263482 0.008794403076171875 0.019842414898015436
1 0.5927995999654134 0.8763903835511129 0.009706560770670574 0.019289464645638094
1 0.19676464398701984 0.09230918001050854 0.008801714579264323 0.019165661526882923
1 0.5674990336100261 0.8573673000146431 0.008139546712239583 0.018199512687775633
1 0.14130730628967286 0.13977825917640357 0.013108348846435547 0.02855228142280957
1 0.169283127784729 0.268444023426733 0.00922236442565918 0.019123922766503584
1 0.7700573921203613 0.04625898106752709 0.011010169982910156 0.025027421238403992
1 0.11880233287811279 0.586088573788072 0.007951688766479493 0.01616980774531422
1 0.1871856609980265 0.7816187680884785 0.009191433588663736 0.02193389522464168
1 0.4464940865834554 0.8376712820101468 0.010207271575927735 0.021267084460274255
1 0.7972573598225913 0.06434239363328625 0.009742482503255209 0.02087992843745693
1 0.2181985855102539 0.01950563117451021 0.013638973236083984 0.03226461063540626
1 0.742066510518392 0.42429302177723605 0.010347874959309895 0.022182611804024255
1 0.19233981768290204 0.16007416881826247 0.010101064046223957 0.02083667557452453
1 0.1347493608792623 0.27459006851011236 0.009072343508402506 0.019361737807504133
1 0.23045451641082765 0.21005175000646015 0.011908674240112304 0.025671507846954246
1 0.501650333404541 0.8501463767054851 0.010573196411132812 0.021313315058227672
1 0.012669600049654641 0.744280965483307 0.009543504317601521 0.02106399283782387
1 0.42686004638671876 0.8330632623001654 0.010387229919433593 0.02229081966648291
1 0.22237548828125 0.07132622740891698 0.010359096527099609 0.02244959434837333
1 0.022109568119049072 0.07044170972662171 0.008511745929718017 0.018800396903478588
1 0.1726543426513672 0.1972365626426621 0.009566402435302735 0.02045749382515332
1 0.5732009569803874 0.4830312508075214 0.010192807515462239 0.02063217078969129
1 0.16108895571827056 0.7677824267782427 0.011200459088795878 0.023709902370990223
1 0.1156282688284519 0.9232914923291493 0.009882758019525806 0.022315202231520174
1 0.6516031787540679 0.8947001394700139 0.009223907484890787 0.02092050209205013
1 0.6733452463970246 0.893305439330544 0.009223907484890787 0.02092050209205027
1 0.7718434013249652 0.10739191073919108 0.00856505695025561 0.016736401673640166
1 0.14297056601580663 0.1471408647140865 0.009223907484890718 0.018131101813110173
1 0.22005607856810783 0.008368200836820092 0.011859309623430967 0.016736401673640183
