1 0.9309734344482422 0.19337311968650944 0.007455062866210937 0.01570871304782249
2 0.5267333302260665 0.5134173424413497 0.07529217801167211 0.07194840505265802
1 0.5699533462524414 0.12040096817100718 0.00994110107421875 0.020500771923128273
1 0.6618048985799153 0.630295893323198 0.00975799560546875 0.021895739840304577
1 0.06973384221394857 0.8034051224310054 0.01047929128011068 0.022880108380133678
1 0.2566092491149902 0.03936284327060149 0.010113334655761719 0.021891147062560293
1 0.5689094861348469 0.6453005150371244 0.007941754659016927 0.016705396288416482
1 0.8961986541748047 0.8007926225925097 0.012693405151367188 0.026894768122932747
1 0.2545467376708984 0.6767433780556609 0.010959625244140625 0.02388587623604603
1 0.4667665481567383 0.256543631590451 0.010516738891601563 0.02206976069373622
1 0.9595922470092774 0.1562829569655716 0.01316070556640625 0.030734431257321528
1 0.5114509582519532 0.7938520437827316 0.012275505065917968 0.026817380659109703
1 0.28063082695007324 0.6361571188929851 0.009926891326904297 0.021789752661590403
1 0.2098185539245605 0.9625811185991928 0.009511280059814449 0.021799664413793784
1 0.22338578701019288 0.05804496983840421 0.010778188705444336 0.020723811846715217
1 0.5957460946562345 0.078048796462659 0.010684013366699219 0.024340758907229795
1 0.5762067794799804 0.7207846846575247 0.011717605590820312 0.02606921211755788
1 0.015909344951311747 0.24419150725746366 0.009345843394597372 0.020280646646955967
1 0.08509666124979656 0.7718666017778391 0.011056105295817055 0.02216282753066428
1 0.48825464248657224 0.5969537400621038 0.01269702911376953 0.02838484691548374
1 0.10568196773529052 0.8234630445924063 0.008789587020874023 0.018876619349503857
1 0.9217577934265136 0.11817555285604155 0.009537315368652344 0.020111672802034523
1 0.06773288447820326 0.25777455630376506 0.010285353660583496 0.02004621310165725
1 0.9219181696573894 0.26073367487897947 0.01656494140625 0.03354998907154424
1 0.048754939562993954 0.8465829846582984 0.009223907484890752 0.019525801952580368
1 0.06028482391910739 0.9344490934449093 0.0072473558809856 0.016736401673640273
1 0.8502466149465365 0.19665271966527198 0.008565056950255752 0.019525801952580225
1 0.8657296025104603 0.200836820083682 0.009223907484890787 0.019525801952580187
1 0.8957073018363552 0.10808926080892607 0.009882758019525682 0.023709902370990223
1 0.6077896182008368 0.02092050209205021 0.008565056950255681 0.016736401673640166
1 0.4259468706415621 0.20013947001394697 0.011200459088795895 0.023709902370990257
1 0.2773760750813575 0.007670850767085078 0.009223907484890733 0.015341701534170155
1 0.08202689156206416 0.11366806136680613 0.012518160158066012 0.02649930264993026
1 0.08037976522547652 0.13528591352859135 0.01054160855416085 0.019525801952580205
1 0.003623677940492794 0.2719665271966527 0.007247355880985588 0.022315202231520247
1 0.002635402138540214 0.008368200836820085 0.005270804277080428 0.01673640167364017
