2 0.41142607117630237 0.3331728936255028 0.08798556536200498 0.14472011778688953
2 0.2920620255778414 0.8276465078347905 0.5841240511556828 0.3447069843304187
2 0.37914239497918495 0.4573012060383344 0.26982831292127996 0.23677032699191122
1 0.007047331617625741 0.8892238623862005 0.009896252909857423 0.02221870955004576
1 0.1326997549276336 0.8133628397796158 0.009296480006229704 0.020314248731470457
1 0.13959714331935247 0.8044753559595974 0.008096934198974228 0.01777496764003672
1 0.14334572396702572 0.8114583789610404 0.010795912265298994 0.021583889277187324
1 0.1701855614043663 0.7882874390017071 0.010496025813485162 0.02094906900432875
1 0.19147749948315046 0.8184414019624835 0.010496025813485162 0.021583889277187324
1 0.24590689048736628 0.8086016877331772 0.010196139361671292 0.02221870955004576
1 0.25670280275266527 0.7609901672687936 0.009596366458043555 0.020949069004328892
1 0.3322741886097583 0.8587524892889948 0.010795912265299065 0.023488350095762486
1 0.36436203895384156 0.8159021208710496 0.011995458072554399 0.025392810914338072
1 0.19732528529352072 0.6137118639656333 0.010795912265299065 0.023488350095762625
1 0.2063218788479366 0.6191078362849303 0.009596366458043555 0.020314248731470242
1 0.21366909691737618 0.561021781318382 0.009896252909857423 0.02094906900432882
1 0.21216966465830686 0.5254718460383089 0.011095798717112864 0.023488350095762625
1 0.168686129145297 0.4696076620267653 0.011095798717112864 0.023488350095762625
1 0.16013936526860195 0.4400885193388474 0.010196139361671274 0.02285352982290412
1 0.01784324388292475 0.17743226626393663 0.011095798717112866 0.02348835009576259
1 0.16208862720539205 0.1526742756224571 0.00989625290985744 0.020949069004328837
1 0.13764788138256234 0.02666245146005488 0.009596366458043555 0.020314248731470384
1 0.1866793162541287 0.22536119686474954 0.013494890331623743 0.02920173255148864
1 0.31488077440455436 0.16981442298963526 0.007797047747160449 0.015870506821461204
1 0.41249381446996625 0.12061585184310541 0.012295344524368233 0.02666245146005487
1 0.4331859796451226 0.20219025690541617 0.009296480006229686 0.02094906900432882
1 0.5056085577581702 0.3393114358428413 0.015594095494320826 0.032375833915780916
1 0.5606377216660138 0.30979229315492335 0.009296480006229757 0.02031424873147035
1 0.5865778997479127 0.3348676939328321 0.010795912265299065 0.02221870955004569
1 0.5313987926141621 0.07586102260658473 0.010795912265299065 0.02221870955004574
1 0.5161045835716552 0.026027631187196434 0.010795912265298923 0.022853529822904183
1 0.6117683617002769 0.11934621129738851 0.010196139361671328 0.02158388927718727
1 0.6258630249355285 0.05427713332939743 0.00959636645804352 0.019679428458611935
1 0.7509156753419086 0.08506591656303222 0.008996593554415852 0.019044608185753466
1 0.8515562063521385 0.13616894852813743 0.011395685168926662 0.024757990641479547
1 0.9277273651128592 0.07617843274301393 0.010795912265298994 0.022853529822904176
1 0.9031366760641228 0.2317093995933341 0.01139568516892652 0.024123170368621095
1 0.9014873005791464 0.2856691227863023 0.009296480006229757 0.020314248731470384
1 0.854705014096184 0.40533274422012 0.014094663235251517 0.029836552824347037
1 0.8858932050848256 0.42088584090515196 0.010496025813485091 0.022853529822904194
1 0.8256160282702396 0.5342012596103853 0.009896252909857423 0.019679428458611953
1 0.7564922011271445 0.6246631484927143 0.011395685168926804 0.025392810914338
1 0.7762847069468595 0.6535474709077738 0.011395685168926804 0.024757990641479637
1 0.8340128489210277 0.6878277656421301 0.009896252909857708 0.02221870955004576
1 0.8953396283169623 0.7649584287944315 0.010196139361671613 0.022853529822904336
1 0.9295266838237426 0.7767026038423129 0.0077970477471603775 0.017140147367178143
1 0.9941522141896297 0.823679304033838 0.010496025813485375 0.02221870955004576
1 0.8632517779728792 0.9685763964935067 0.010196139361671044 0.0222187095500459
1 0.7262036694939445 0.9822250323599633 0.010196139361671186 0.02158388927718718
1 0.645384270730109 0.9634978343106391 0.011095798717112828 0.023488350095762625
1 0.6308397778171366 0.9158863138462553 0.010795912265298994 0.02221870955004576
1 0.6858689417249803 0.8768448670654607 0.009896252909857423 0.021583889277187324
1 0.7088102552887406 0.8644658717447209 0.014394549687065421 0.031106193370063977
1 0.7353502062742673 0.8724011251554515 0.011695571620740565 0.02412317036862106
1 0.6056493158647722 0.8028883052774514 0.013794776783437612 0.02856691227863024
1 0.6740234268783327 0.8047927660960267 0.011395685168926946 0.019679428458612022
1 0.6908170681799087 0.7854307477738439 0.010196139361671328 0.021583889277187324
1 0.7242544075571544 0.8035231255503098 0.009896252909857281 0.02221870955004576
1 0.723054861749899 0.7457544807201907 0.013494890331623708 0.028566912278630383
1 0.7755349908173247 0.7419455590830402 0.013494890331623993 0.028566912278630383
1 0.8061234089023386 0.767338369997378 0.00629761548809114 0.013331225730027398
1 0.8107716489054533 0.8089190978696067 0.007797047747160519 0.016505327094319712
1 0.7290525907861763 0.6971907298465194 0.011095798717112899 0.024123170368621202
1 0.6809208152700514 0.6689412277043183 0.010795912265298994 0.02221870955004576
1 0.6953153649571168 0.5692744448655419 0.010795912265298992 0.023488350095762625
1 0.6612782526762436 0.5467383251790668 0.009296480006229615 0.019044608185753445
1 0.6143460229673743 0.42961398483668295 0.008996593554415852 0.018409787912895013
1 0.6369874500793208 0.37152792987013483 0.009896252909857352 0.021583889277187254
1 0.46580732798698277 0.7580195258019526 0.007906206415620573 0.018131101813110177
