2 0.9469001087461832 0.9526188122641385 0.10517896951935231 0.09476237547171962
2 0.5735117910297345 0.7725971878650859 0.8529764179405309 0.4548056242698284
2 0.7428949356079094 0.45118337645429785 0.5137138366699213 0.1573553820542657
1 0.6695611164753421 0.9796159210385151 0.0111497782784393 0.02360261774487725
1 0.6971821581196579 0.8878875657118335 0.013683818796266536 0.02896684905053121
1 0.7263236240746701 0.8809140650144834 0.013177010692701146 0.02789400278940022
1 0.7521708373565068 0.8401459070915138 0.01216339448557008 0.025748310267138804
1 0.8720309538497298 0.8229803669134214 0.010642970174873909 0.023602617744877107
1 0.8819137118692558 0.8514107928333868 0.008108929657046673 0.016092693916961734
1 0.9313275019668847 0.7382255122840897 0.012670202589135614 0.025748310267138804
1 0.9632564124915066 0.7532453599399206 0.01165658638200469 0.02360261774487725
1 0.9863161812037333 0.7725565926402745 0.010136162071308377 0.021456925222615695
1 0.9946785149125629 0.7382255122840897 0.01064297017487405 0.021456925222615553
1 0.49141806807209515 0.7409076279369167 0.009629353967743129 0.02038407896148499
1 0.5119437962664949 0.6813646604441584 0.011149778278439442 0.023602617744877107
1 0.6153326493938418 0.6239673854736617 0.010136162071308377 0.020384078961484847
1 0.6528364490576831 0.5713979186782534 0.012163394485570364 0.02467546400600803
1 0.6814711069091299 0.54618603154168 0.010642970174873909 0.021456925222615553
1 0.721762351142581 0.5359939920609377 0.0111497782784393 0.02467546400600803
1 0.7283508564889317 0.5456496084111147 0.0111497782784393 0.018238386439223292
1 0.7488765846833314 0.5440403390194185 0.010642970174873909 0.021456925222615553
1 0.3852417703751385 0.49565497264242026 0.012163394485570151 0.025748310267138735
1 0.34849818286664513 0.4597146228945392 0.009629353967743129 0.020384078961484847
1 0.3066865143224975 0.5112112434288165 0.010136162071308519 0.02252977148374633
1 0.27931887672996447 0.5364231305653899 0.010136162071308448 0.021456925222615553
1 0.23649359197868605 0.34760218860637265 0.008615737760612242 0.021456925222615622
1 0.2838801496620533 0.2966419912026606 0.012163394485570222 0.026821156528269476
1 0.4265466308157207 0.3454564960841111 0.01064297017487398 0.021456925222615553
1 0.42730684297106886 0.4425490827164467 0.014190626899831926 0.031112541572792623
1 0.4701321277223473 0.3915888853127346 0.011656586382004832 0.02360261774487718
1 0.4947123207452704 0.363158459392769 0.013177010692701075 0.02467546400600803
1 0.4830557343632657 0.24675464006007936 0.011149778278439371 0.023602617744877142
1 0.49243168427922596 0.2397811393627293 0.009629353967743058 0.024675464006007886
1 0.4265466308157207 0.06115223688445445 0.01672466741765902 0.034331080356184956
1 0.4855897748810928 0.025748310267138717 0.014190626899831783 0.0321853878339234
1 0.516251665146801 0.12337732003003968 0.015711051210528168 0.0321853878339234
1 0.5322161204091119 0.1587812466473554 0.010136162071308661 0.023602617744877163
1 0.5585701417945141 0.2510460251046025 0.015204243106962778 0.030039695311661844
1 0.5301888879948503 0.31273468511962227 0.013177010692701004 0.026821156528269476
1 0.5940467090440938 0.1748739405643171 0.012163394485570151 0.02789400278940029
1 0.5788424659371311 0.0740263920180238 0.0111497782784393 0.01931123270035405
1 0.6024090427529234 0.008582770089046239 0.01165658638200469 0.017165540178092478
1 0.6378856100025032 0.07670850767085076 0.0126702025891354 0.026821156528269486
1 0.6523296409541177 0.0375496191395773 0.013177010692701146 0.027894002789400275
1 0.67868366233952 0.31648964703358007 0.015204243106962707 0.03218538783392343
1 0.6693077124235597 0.3400922647784572 0.013683818796266536 0.030039695311661774
1 0.7215089470907984 0.2607016414547795 0.013683818796266536 0.02789400278940029
1 0.7511572211493758 0.287522797983049 0.013177010692701004 0.02789400278940029
1 0.799557395039874 0.25265529449629864 0.013683818796266393 0.031112541572792658
1 0.8401020433251081 0.3202446089475378 0.01064297017487405 0.020384078961484847
1 0.8370611947037156 0.25319171762686404 0.012670202589135754 0.025748310267138735
1 0.8776058429889495 0.25855594893251793 0.012670202589135614 0.025748310267138735
1 0.9100415616171369 0.2826949898079605 0.010642970174873909 0.024675464006007886
1 0.9637632205950719 0.3073704538139684 0.011656586382004832 0.02467546400600792
1 0.960215563870114 0.11962235811608198 0.016724667417659163 0.031112541572792623
1 0.006335101294567822 0.1324965132496513 0.012670202589135643 0.0332582340950542
1 0.12695542994313913 0.38944319279047307 0.013683818796266501 0.030039695311661844
1 0.150015198655366 0.40446304044630405 0.013177010692701092 0.030039695311661774
1 0.21336621160104421 0.360476343739942 0.012163394485570222 0.025748310267138735
1 0.14950839055180057 0.5353502843042591 0.012163394485570222 0.025748310267138735
1 0.1713011390051139 0.531058899259736 0.013177010692701075 0.02789400278940022
1 0.15736391615706466 0.6206415620641562 0.011656586382004815 0.024675464006007956
1 0.13759840011801308 0.631370024675464 0.010642970174873945 0.0225297714837464
1 0.12188734890748487 0.6426349104173371 0.012670202589135648 0.025748310267138738
1 0.0983207720916926 0.5122840896899474 0.012163394485570205 0.02682115652826951
1 0.03420954699066624 0.4838536637699818 0.01267020258913564 0.02789400278940029
1 0.00886914181239495 0.4752708936809354 0.011656586382004792 0.02360261774487718
1 0.07526100337946572 0.6957408003433108 0.009629353967743092 0.02038407896148499
1 0.047133153631584594 0.707005686085184 0.011149778278439371 0.02360261774487725
1 0.12062032864857132 0.826735328827379 0.012163394485570222 0.02682115652826937
