1 0.015482987563923755 0.6066945606694562 0.008565056950255693 0.019525801952580295
1 0.04183700894932589 0.597629009762901 0.009882758019525801 0.020920502092050198
1 0.25563400743840076 0.3668061366806137 0.010541608554160859 0.022315202231520247
1 0.3060360733379824 0.2538354253835425 0.011200459088795932 0.025104602510460233
1 0.23158596292422132 0.7615062761506276 0.013835861227336146 0.027894002789400362
1 0.277705500348675 0.9790794979079499 0.009882758019525824 0.019525801952580225
1 0.5735293903998141 0.9239888423988841 0.008565056950255681 0.018131101813110177
1 0.5524461732914924 0.8730822873082286 0.007247355880985538 0.01673640167364013
1 0.5745176662017666 0.8298465829846583 0.010541608554160859 0.022315202231520174
1 0.5959303085774059 0.8068340306834031 0.011200459088795895 0.023709902370990365
1 0.5643054829149233 0.7259414225941421 0.008565056950255681 0.018131101813110177
1 0.6110838708740122 0.7412831241283123 0.00856505695025561 0.018131101813110177
1 0.6334847890516039 0.702231520223152 0.009882758019525753 0.02092050209205013
1 0.6967344403765691 0.7587168758716877 0.009882758019525682 0.022315202231520316
1 0.7240767375639237 0.7914923291492328 0.007906206415620573 0.018131101813110177
1 0.812362709205021 0.9707112970711296 0.007906206415620716 0.01673640167364013
1 0.9951261767782427 0.9302649930264993 0.009747646443514668 0.02510460251046041
1 0.9494036204091121 0.8675034867503487 0.009223907484890787 0.019525801952580225
1 0.8670473035797304 0.5306834030683403 0.010541608554160718 0.020920502092050198
1 0.8835185669456067 0.4902370990237099 0.010541608554160859 0.023709902370990223
1 0.8588116718967922 0.4198047419804742 0.009882758019525682 0.022315202231520247
1 0.7207824848907485 0.4623430962343096 0.009223907484890787 0.020920502092050198
1 0.695416739307299 0.5216178521617851 0.008565056950255752 0.019525801952580295
1 0.6565445577638307 0.6255230125523014 0.00856505695025561 0.018131101813110107
1 0.4671250290562529 0.0885634588563459 0.010541608554160859 0.02370990237099023
1 0.4967733031148303 0.08437935843793584 0.009223907484890716 0.020920502092050198
1 0.5498107711529522 0.08368200836820083 0.011200459088795895 0.02231520223152022
1 0.5942831822408182 0.15481171548117154 0.009223907484890787 0.019525801952580205
1 0.6150369740818223 0.17852161785216175 0.008565056950255681 0.019525801952580187
1 0.6357907659228266 0.1694560669456067 0.007906206415620644 0.02092050209205022
1 0.602848239191074 0.040446304044630406 0.010541608554160859 0.02231520223152023
1 0.6298611111111111 0.023012552301255228 0.009223907484890787 0.02092050209205021
1 0.7296769671083218 0.19804741980474197 0.011200459088795895 0.025104602510460233
1 0.7537250116225012 0.10390516039051605 0.009223907484890787 0.02092050209205022
1 0.7599840917015342 0.1178521617852162 0.00856505695025561 0.02092050209205022
1 0.7929266184332868 0.07461645746164575 0.009882758019525824 0.020920502092050198
1 0.7922677678986518 0.14225941422594143 0.009882758019525682 0.02231520223152023
1 0.7906206415620641 0.18061366806136683 0.009223907484890787 0.023709902370990257
1 0.7777730561366806 0.24965132496513248 0.00856505695025561 0.022315202231520212
1 0.8242220188284519 0.26778242677824265 0.009223907484890787 0.019525801952580187
1 0.8212571914225941 0.23500697350069735 0.011200459088796038 0.023709902370990223
1 0.8291633978382148 0.19665271966527198 0.008565056950255752 0.019525801952580225
0 0.4434064098093911 0.2663877266387726 0.14231171548117152 0.5327754532775452
0 0.87818020688052 0.22315202231520215 0.24363958623895768 0.4463040446304043
0 0.7550427126917714 0.2119944211994421 0.003953103207810358 0.005578800557880079
