2 0.5659687836964926 0.8622256177000068 0.06696316401163736 0.27554876459998623
2 0.3514938460345157 0.6312009515616989 0.3254621439454499 0.32831529591901465
1 0.13582748969395955 0.8400938460950421 0.008532182375590006 0.014581615107324973
1 0.48567728996276854 0.9468173833508478 0.00918436050415039 0.01897473319494212
1 0.4225008964538574 0.9092292827702936 0.009142684936523437 0.01941402481566979
1 0.5179064750671387 0.12143321599823637 0.007794380187988281 0.01762433036291087
1 0.939417552947998 0.5125166315753773 0.010519599914550782 0.02216191906913244
1 0.8450268745422364 0.8003375843052303 0.011850929260253907 0.02633179114698181
1 0.8865388552347819 0.6339622421853466 0.012143135070800781 0.026305613996175578
1 0.21896634101867676 0.16162958113597795 0.008981609344482422 0.019051801014892848
1 0.5684637705485026 0.35142685323460754 0.008902740478515626 0.01859994234297478
1 0.47041730880737304 0.16289444558544222 0.008721351623535156 0.0194524325504324
2 0.9471833719424667 0.9238614835441423 0.10563325611506405 0.14948763263277448
1 0.10479037761688233 0.0075257584173335 0.00892810821533203 0.015051516834667
1 0.2934158643086751 0.19622673194489904 0.0087890625 0.01938778037141676
1 0.5462078094482422 0.24554004269634613 0.008327102661132813 0.0192565581501516
1 0.532345708211263 0.6509670606653114 0.008753458658854166 0.018849567383889196
1 0.07328312397003174 0.351761453075472 0.012312889099121094 0.026440268183227672
1 0.11099025011062622 0.3724100266428214 0.008869099617004394 0.017614564401443635
1 0.10918958187103271 0.7456138804308502 0.00851593017578125 0.018221719525220507
1 0.8470388412475586 0.5724657388874295 0.008819198608398438 0.019003164676216235
1 0.3431249618530273 0.9094085525125757 0.007030105590820313 0.01866383747071389
1 0.8864470163981121 0.8365412568047134 0.010573577880859376 0.019735014556918413
1 0.16621119181315103 0.8335679631511853 0.007843303680419921 0.016604657998552923
1 0.8284917831420898 0.9332189255013092 0.009806442260742187 0.02352067470024807
1 0.3095997174580892 0.0070252371202361615 0.008545112609863282 0.014050474240472323
1 0.0693442225456238 0.6091047495176406 0.009974408149719238 0.022533076074972437
1 0.4918174743652344 0.5585570582481308 0.00914306640625 0.020426421076092202
1 0.26304096380869546 0.9578628624155869 0.009374030431111654 0.02367289247691566
1 0.04679192304611206 0.07347871555383045 0.011203193664550781 0.024997631270672546
1 0.08258186181386311 0.30999648189860113 0.010473060607910156 0.023159712651598677
1 0.4779035568237305 0.23296443682652723 0.010418891906738281 0.02462390029049235
1 0.39407084782918295 0.8930119322048132 0.009773635864257812 0.022568405134543824
1 0.8226736704508464 0.010564667387334619 0.010398483276367188 0.021129334774669238
1 0.5324891090393067 0.19689562880611736 0.008145332336425781 0.020515080192254686
1 0.8608251571655273 0.10374708922195856 0.006925201416015625 0.012122510680815877
1 0.8541997181543468 0.9825662482566249 0.007247355880985538 0.015341701534170226
1 0.837399029521153 0.9728033472803347 0.009223907484890787 0.02092050209205013
1 0.6921224866341237 0.45397489539748953 0.008565056950255895 0.018131101813110177
1 0.6779572001394699 0.4581589958158996 0.010541608554160859 0.023709902370990223
1 0.7118880026731753 0.27894002789400274 0.009882758019525824 0.022315202231520212
1 0.6552268566945607 0.2907949790794979 0.00856505695025561 0.018131101813110142
1 0.5633172071129706 0.29009762900976294 0.010541608554160859 0.022315202231520247
1 0.5237861750348675 0.201534170153417 0.010541608554160859 0.023709902370990257
1 0.524115600302185 0.1771269177126918 0.008565056950255681 0.0167364016736402
1 0.36368549511854953 0.38563458856345884 0.009223907484890787 0.018131101813110177
1 0.33074296838679684 0.33821478382147846 0.010541608554160859 0.020920502092050198
1 0.3034006711994421 0.3158995815899582 0.011200459088795932 0.023709902370990257
1 0.28627055729893075 0.24546722454672248 0.008565056950255752 0.019525801952580187
1 0.2697992939330544 0.24407252440725244 0.008565056950255681 0.01673640167364013
1 0.258269409576941 0.2503486750348675 0.00790620641562061 0.018131101813110215
1 0.2674933170618317 0.23221757322175735 0.009223907484890752 0.018131101813110142
1 0.2612342369827987 0.1799163179916318 0.007247355880985609 0.01673640167364013
1 0.25925768537889354 0.14644351464435146 0.007247355880985573 0.01673640167364015
1 0.2780349256159926 0.12761506276150628 0.00790620641562061 0.01813110181311016
1 0.29088251104137614 0.12273361227336123 0.007247355880985644 0.016736401673640166
1 0.29549446478382146 0.11645746164574616 0.007247355880985573 0.018131101813110177
1 0.30109469432821945 0.15620641562064155 0.007906206415620644 0.016736401673640166
1 0.30274182066480704 0.1771269177126917 0.007247355880985644 0.016736401673640166
1 0.3248133135750814 0.0397489539748954 0.009223907484890716 0.02092050209205021
1 0.2375156177359368 0.07531380753138076 0.008565056950255681 0.016736401673640166
1 0.23883331880520686 0.01882845188284519 0.009882758019525787 0.02092050209205021
1 0.1304524058577406 0.10320781032078102 0.009223907484890752 0.019525801952580205
1 0.15450045037192003 0.005578800557880056 0.009882758019525824 0.011157601115760111
1 0.1024512581357508 0.30055788005578804 0.007247355880985573 0.015341701534170192
1 0.12188734890748489 0.2873082287308229 0.009223907484890752 0.019525801952580187
1 0.09783930439330543 0.38563458856345884 0.008565056950255698 0.018131101813110177
1 0.07313240934449095 0.33472803347280333 0.007906206415620636 0.019525801952580153
1 0.14066458914458393 0.3556485355648536 0.009882758019525787 0.019525801952580153
1 0.15581815144119016 0.3375174337517434 0.008565056950255698 0.022315202231520247
1 0.16438320839144585 0.29567642956764295 0.008565056950255681 0.019525801952580187
1 0.18019562122268712 0.29218967921896793 0.008565056950255681 0.018131101813110177
1 0.1874429771036727 0.2914923291492329 0.007247355880985609 0.01673640167364013
1 0.22005607856810788 0.2928870292887029 0.007906206415620644 0.016736401673640166
1 0.19765516039051603 0.2398884239888424 0.007906206415620644 0.016736401673640166
1 0.11826367096699208 0.6610878661087867 0.009882758019525806 0.022315202231520174
1 0.0724735588098559 0.9916317991631799 0.009223907484890744 0.016736401673640273
1 0.12518160158066016 0.9707112970711296 0.009223907484890752 0.019525801952580225
1 0.11299286668991165 0.8716875871687587 0.008565056950255698 0.019525801952580083
1 0.27671722454672243 0.9211994421199443 0.007906206415620644 0.018131101813110177
1 0.2918707868433287 0.899581589958159 0.009223907484890787 0.019525801952580225
1 0.30010641852626685 0.8947001394700139 0.007247355880985573 0.02092050209205013
1 0.33239009472338454 0.9205020920502094 0.007247355880985609 0.01673640167364013
1 0.3528144612970711 0.9769874476987448 0.008565056950255752 0.018131101813110177
1 0.29681216585309156 0.9358437935843793 0.009882758019525824 0.019525801952580225
1 0.2865999825662483 0.9623430962343096 0.007906206415620644 0.01673640167364013
1 0.5277392782426779 0.9790794979079499 0.006588505346350573 0.01673640167364013
1 0.5419045647373315 0.8898186889818689 0.009882758019525753 0.022315202231520174
1 0.43088824965132494 0.7112970711297071 0.007906206415620573 0.016736401673640273
1 0.41244043468154346 0.603207810320781 0.010541608554160859 0.023709902370990223
1 0.9882758019525804 0.9818688981868897 0.013177010692701146 0.02789400278940022
