2 0.29556618631301723 0.26613421094323175 0.4370574176394622 0.5322684218864635
2 0.1484099706013997 0.6372360494372146 0.2968199412027994 0.2717659013581369
1 0.0046119537424453745 0.8277545327754532 0.009223907484890749 0.02649930264993017
1 0.03063654986052999 0.6324965132496514 0.01120045908879591 0.023709902370990032
1 0.08663884530450953 0.8047419804741981 0.011200459088795913 0.025104602510460268
1 0.19073722977684796 0.8193863319386332 0.008565056950255716 0.018131101813110177
1 0.3254721641097164 0.7684797768479776 0.009223907484890787 0.019525801952580368
1 0.35182618549511857 0.8075313807531381 0.010541608554160859 0.022315202231520174
1 0.39168664284053933 0.8563458856345886 0.011200459088795895 0.025104602510460126
1 0.3910277923059043 0.9037656903765691 0.009882758019525753 0.019525801952580225
1 0.20193768886564384 0.6722454672245468 0.015153562296606218 0.03347280334728026
1 0.2355390661320316 0.6269177126917712 0.012518160158066038 0.026499302649930244
1 0.24739837575546253 0.6276150627615062 0.009882758019525787 0.022315202231520104
1 0.3152599808228731 0.5676429567642957 0.008565056950255681 0.019525801952580153
1 0.2609048117154812 0.5160390516039052 0.009223907484890752 0.019525801952580083
1 0.22862113551836355 0.5041841004184101 0.010541608554160859 0.023709902370990223
1 0.20226711413296145 0.5362622036262203 0.009223907484890752 0.020920502092050198
1 0.2599165359135286 0.4553695955369595 0.009882758019525787 0.020920502092050198
1 0.25530458217108326 0.41143654114365413 0.008565056950255716 0.019525801952580225
1 0.2539868811018131 0.36820083682008364 0.011200459088795932 0.025104602510460268
1 0.09454505172013018 0.17852161785216175 0.011200459088795913 0.022315202231520212
1 0.09981585599721061 0.15411436541143655 0.008565056950255698 0.018131101813110194
1 0.07675608728498373 0.17852161785216178 0.01383586122733612 0.03068340306834031
1 0.0467783879590888 0.16178521617852162 0.014494711761971181 0.03068340306834031
1 0.02964827405857741 0.1324965132496513 0.007906206415620641 0.016736401673640183
1 0.006917930613668062 0.17224546722454673 0.012518160158066016 0.026499302649930296
1 0.019765516039051603 0.19525801952580196 0.007906206415620643 0.019525801952580187
1 0.264528489655974 0.011157601115760111 0.011200459088795932 0.022315202231520222
1 0.6140486982798699 0.9790794979079499 0.013177010692701075 0.025104602510460126
1 0.6759806485355648 0.7105997210599722 0.011859309623430932 0.02649930264993017
1 0.6262374331706183 0.5662482566248257 0.007247355880985538 0.013947001394700181
1 0.5900006537656904 0.46513249651324967 0.009882758019525895 0.020920502092050198
1 0.6048247907949791 0.4170153417015342 0.010541608554160788 0.022315202231520247
1 0.7020052446536496 0.49930264993026496 0.01251816015806611 0.02789400278940029
1 0.6875105328916783 0.17573221757322177 0.008565056950255895 0.019525801952580225
1 0.7006875435843795 0.15829846582984658 0.00856505695025561 0.018131101813110177
1 0.7108997268712227 0.1387726638772664 0.010541608554160859 0.023709902370990257
1 0.7300063923756391 0.07252440725244072 0.011859309623431074 0.02510460251046025
1 0.7537250116225012 0.019525801952580194 0.009223907484890787 0.022315202231520222
1 0.7570192642956765 0.12691771269177127 0.009223907484890787 0.02231520223152023
1 0.836740178986518 0.09832635983263596 0.010541608554160862 0.023709902370990226
1 0.9289792538354255 0.18200836820083682 0.007906206415620716 0.020920502092050198
1 0.918108220013947 0.33124128312412826 0.011200459088796038 0.02649930264993028
1 0.9078960367271037 0.4553695955369595 0.011859309623430932 0.026499302649930244
1 0.9036135082519757 0.7580195258019525 0.012518160158065967 0.026499302649930313
1 0.9197553463505347 0.8410041841004184 0.013177010692701004 0.03068340306834031
1 0.8466229370060439 0.911436541143654 0.009223907484890787 0.02092050209205027
1 0.9625806311018131 0.9365411436541143 0.013177010692701004 0.026499302649930313
1 0.9836638482101349 0.9309623430962343 0.011859309623430932 0.026499302649930313
1 0.9957850273128777 0.6366806136680614 0.008429945374244597 0.026499302649930313
1 0.961262930032543 0.603905160390516 0.010541608554160859 0.022315202231520174
1 0.930626380172013 0.5550906555090656 0.01383586122733618 0.03068340306834031
1 0.9441328161320315 0.5432357043235704 0.009223907484890787 0.02092050209205027
1 0.9642277574384007 0.5216178521617852 0.011200459088795753 0.025104602510460195
2 0.9005811250581124 0.9804741980474198 0.19883774988377495 0.03905160390516041
