2 0.9956784717652044 0.8774971449567937 0.00864305646958847 0.16132370171820995
2 0.3990538514419687 0.7373297809400567 0.23001683610697068 0.5253404381198847
2 0.777892908857124 0.6682921240362916 0.31434970454025657 0.6634157519274153
2 0.9248520392919339 0.10716115350903527 0.15029592141612555 0.21432230701807053
1 0.07049700720595072 0.9232914923291492 0.007906206415620627 0.01673640167364013
1 0.1390174628079963 0.8319386331938634 0.01185930962343095 0.023709902370990223
1 0.14231171548117155 0.7914923291492328 0.010541608554160859 0.02092050209205027
1 0.18151332229195724 0.8716875871687587 0.009882758019525787 0.022315202231520174
1 0.2105027458158996 0.9665271966527197 0.012518160158066003 0.02789400278940022
1 0.2289505607856811 0.8410041841004184 0.007247355880985573 0.01673640167364013
1 0.25233975476522547 0.8605299860529986 0.009223907484890752 0.019525801952580368
1 0.2971415911204091 0.8152022315202231 0.009223907484890787 0.02092050209205027
1 0.3501790591585309 0.8312412831241284 0.011200459088795895 0.025104602510460268
1 0.20127883833100882 0.7454672245467225 0.009882758019525787 0.02092050209205027
1 0.2131381479544398 0.7071129707112971 0.009882758019525787 0.022315202231520174
1 0.2398215946071595 0.6729428172942817 0.014494711761971181 0.032078103207810356
1 0.2622225127847513 0.6952580195258019 0.013177010692701038 0.029288702928870407
1 0.3004358437935844 0.6562064156206415 0.010541608554160859 0.023709902370990365
1 0.31624825662482564 0.6750348675034867 0.011859309623430932 0.025104602510460268
1 0.2635402138540214 0.597629009762901 0.013177010692701075 0.026499302649930244
1 0.29318848791259877 0.5495118549511855 0.011859309623430967 0.025104602510460195
1 0.24113929567642955 0.5411436541143655 0.010541608554160824 0.022315202231520174
1 0.23356251452812646 0.5125523012552301 0.009882758019525824 0.020920502092050198
1 0.22763285971641095 0.5020920502092051 0.012518160158066003 0.02789400278940029
1 0.1465942439562994 0.5453277545327755 0.009882758019525806 0.019525801952580225
1 0.08532114423523943 0.6520223152022315 0.01251816015806602 0.026499302649930313
1 0.06819103033472804 0.6185495118549512 0.011200459088795904 0.023709902370990223
1 0.025695170850767085 0.5230125523012553 0.013177010692701068 0.02789400278940022
1 0.002635402138540214 0.4700139470013947 0.005270804277080428 0.02789400278940022
1 0.08334459263133427 0.3228730822873082 0.011200459088795904 0.023709902370990257
1 0.1133222919572292 0.3556485355648536 0.011859309623430984 0.025104602510460195
1 0.1281464289865179 0.40655509065550904 0.011200459088795913 0.023709902370990223
1 0.16701861052998607 0.3500697350069736 0.01383586122733611 0.02789400278940029
1 0.2342213650627615 0.3842398884239888 0.011200459088795895 0.023709902370990292
1 0.2500337778940028 0.4163179916317992 0.012518160158066038 0.023709902370990292
1 0.24278642201301723 0.33542538354253837 0.009882758019525787 0.020920502092050198
1 0.3762036552766155 0.5264993026499303 0.01581241283124122 0.03486750348675024
1 0.4015694008600651 0.5641562064156207 0.016471263365876326 0.034867503486750454
1 0.3798273332171083 0.4163179916317992 0.009882758019525824 0.020920502092050198
1 0.4358296286610879 0.36610878661087864 0.011200459088795895 0.023709902370990223
1 0.4523008920269642 0.40376569037656906 0.012518160158065967 0.029288702928870192
1 0.3818038848210135 0.3451882845188284 0.009882758019525824 0.023709902370990292
1 0.31624825662482564 0.30962343096234307 0.011859309623430932 0.019525801952580187
1 0.005929654811715482 0.13389121338912133 0.007906206415620641 0.019525801952580187
1 0.07412068514644352 0.06624825662482565 0.009882758019525787 0.02092050209205021
1 0.09421562645281265 0.07810320781032078 0.010541608554160859 0.02231520223152023
1 0.11431056775918179 0.11715481171548117 0.009882758019525806 0.019525801952580187
1 0.05237861750348674 0.019525801952580194 0.009882758019525796 0.022315202231520222
1 0.21643240062761507 0.17433751743375175 0.009882758019525824 0.022315202231520247
1 0.27144642026964205 0.14435146443514643 0.009223907484890716 0.020920502092050198
1 0.2790232014179452 0.10739191073919105 0.009882758019525824 0.02510460251046025
1 0.37389767840539284 0.25453277545327757 0.011200459088795895 0.020920502092050236
1 0.3719211268014877 0.07391910739191074 0.009882758019525824 0.02231520223152022
1 0.3771919310785681 0.040446304044630406 0.012518160158065967 0.027894002789400286
1 0.4200172158298466 0.09205020920502091 0.011200459088795967 0.02510460251046024
1 0.41342871048349605 0.1729428172942817 0.009882758019525753 0.022315202231520212
1 0.5356454846582985 0.16108786610878653 0.011859309623430873 0.023709902370990243
1 0.5906595043003254 0.21687587168758718 0.011200459088795967 0.026499302649930244
1 0.5702351377266388 0.30613668061366806 0.009882758019525753 0.023709902370990223
1 0.5224684739655974 0.4741980474198047 0.009223907484890787 0.019525801952580153
1 0.5481636448163646 0.4546722454672245 0.010541608554160859 0.022315202231520247
1 0.5778119188749419 0.4497907949790795 0.009223907484890787 0.020920502092050198
1 0.6114132961413297 0.4344490934449094 0.011859309623431003 0.026499302649930244
1 0.6519326040213855 0.3103207810320781 0.011200459088795895 0.023709902370990223
1 0.6114132961413297 0.25523012552301255 0.010541608554160859 0.022315202231520174
1 0.8683650046490001 0.16596931659693162 0.011859309623430705 0.030683403068340293
1 0.8746240847280334 0.15271966527196654 0.009882758019525966 0.023709902370990223
1 0.8907659228265922 0.26220362622036264 0.011859309623431074 0.025104602510460233
1 0.8887893712226871 0.4644351464435147 0.010541608554160859 0.022315202231520174
1 0.9540155741515575 0.5188284518828452 0.011859309623430932 0.025104602510460195
1 0.98564039981404 0.5313807531380753 0.009223907484890787 0.027894002789400362
1 0.37587423000929804 0.9937238493723849 0.009882758019525824 0.012552301255230134
1 0.4318765254532776 0.9546722454672245 0.009882758019525824 0.02092050209205013
1 0.4493360646211065 0.9218967921896792 0.009223907484890787 0.019525801952580083
1 0.46481905218503017 0.8682008368200838 0.009882758019525753 0.02092050209205027
1 0.4618542247791725 0.7510460251046025 0.010541608554160859 0.023709902370990223
1 0.5448693921431892 0.7433751743375174 0.013177010692701075 0.027894002789400362
1 0.6064719171315667 0.8626220362622036 0.009882758019525824 0.023709902370990365
1 0.6137192730125522 0.8695955369595536 0.011200459088795824 0.023709902370990223
1 0.6199783530915852 0.8410041841004184 0.010541608554160859 0.022315202231520174
1 0.634802490120874 0.7461645746164575 0.012518160158066038 0.025104602510460126
1 0.6628036378428638 0.6917712691771268 0.009223907484890891 0.02231520223152014
1 0.6796043264760576 0.6331938633193863 0.009882758019525824 0.025104602510460195
1 0.7491130578800558 0.5299860529986052 0.010541608554160859 0.02789400278940022
1 0.7675608728498372 0.48675034867503486 0.010541608554160859 0.022315202231520247
1 0.5870358263598326 0.5376569037656904 0.010541608554160859 0.023709902370990292
1 0.5376220362622036 0.5655509065550907 0.011859309623430932 0.026499302649930244
1 0.5682585861227336 0.6115760111576012 0.011200459088795967 0.023709902370990292
1 0.5942831822408182 0.6687587168758716 0.011859309623430932 0.02649930264993017
1 0.5876946768944677 0.6680613668061366 0.007906206415620716 0.019525801952580225
1 0.5830827231520224 0.6792189679218967 0.009223907484890787 0.019525801952580225
