2 0.6170635915478676 0.3898307746784349 0.26002176010791517 0.3482313959211743
2 0.505662680171025 0.008857893043629021 0.04545047656706111 0.017715786087258042
2 0.36797730082525704 0.6749437662311795 0.21205865187403322 0.6501124675376405
2 0.17920224025935583 0.7003471278768704 0.35445137731090137 0.5993057442462547
2 0.029972594164516256 0.04930419708825942 0.05994518832903245 0.09860839417651884
1 0.005929654811715482 0.1792189679218968 0.011859309623430963 0.04323570432357043
1 0.010871033821478382 0.4344490934449094 0.01910666550441655 0.04044630404463043
1 0.08367401789865178 0.14644351464435146 0.006588505346350537 0.01673640167364015
1 0.14494711761971174 0.21757322175732216 0.009223907484890735 0.019525801952580225
1 0.12254619944211996 0.23500697350069735 0.01185930962343095 0.023709902370990223
1 0.14000573860994886 0.27894002789400274 0.009882758019525806 0.022315202231520212
1 0.1541710251046025 0.2887029288702929 0.011859309623430967 0.025104602510460268
1 0.17393654114365414 0.3138075313807531 0.007906206415620644 0.019525801952580187
1 0.19996113726173875 0.24755927475592746 0.017788964435146434 0.03765690376569033
1 0.17953677068805207 0.32775453277545324 0.008565056950255681 0.022315202231520247
1 0.19337263191538817 0.5920502092050209 0.020424366573686646 0.04602510460251039
1 0.2931884879125988 0.600418410041841 0.014494711761971181 0.032078103207810356
1 0.36006181717805674 0.6820083682008368 0.011200459088795967 0.022315202231520174
1 0.486561119827987 0.2873082287308229 0.012518160158065967 0.027894002789400324
1 0.48754939562993954 0.2615062761506276 0.013177010692701075 0.02649930264993028
1 0.6180018014876802 0.06764295676429569 0.010541608554160859 0.02649930264993026
1 0.8268574209669921 0.23640167364016737 0.009223907484890787 0.023709902370990223
1 0.8841774174802417 0.14225941422594143 0.010541608554160859 0.02231520223152023
1 0.9566509762900977 0.1729428172942817 0.009223907484890787 0.019525801952580187
1 0.961262930032543 0.18828451882845187 0.010541608554160859 0.025104602510460268
1 0.9714751133193863 0.25732217573221755 0.011200459088795895 0.023709902370990223
1 0.960604079497908 0.08298465829846582 0.007906206415620716 0.018131101813110177
1 0.9964438778475128 0.02580195258019526 0.007112244304974382 0.02370990237099024
1 0.6960755898419341 0.4316596931659693 0.011200459088795753 0.023709902370990223
1 0.7609723675034868 0.48465829846582986 0.010541608554160859 0.023709902370990223
1 0.8235631682938168 0.4463040446304045 0.010541608554160859 0.022315202231520174
1 0.8466229370060439 0.48047419804741975 0.009223907484890787 0.020920502092050198
1 0.8696827057182704 0.3842398884239888 0.011859309623431074 0.023709902370990292
1 0.9770753428637843 0.7880055788005578 0.010541608554160859 0.022315202231520316
1 0.8495877644119014 0.8305439330543933 0.008565056950255752 0.018131101813110177
1 0.7893029404927941 0.8291492329149233 0.010541608554160859 0.023709902370990223
1 0.7652548959786145 0.9679218967921897 0.009882758019525824 0.022315202231520174
1 0.5504696216875872 0.9902370990237099 0.008565056950255752 0.019525801952580225
1 0.5932949064388656 0.9860529986052998 0.009882758019525753 0.019525801952580225
1 0.6259080079033008 0.9274755927475593 0.007906206415620573 0.019525801952580225
1 0.7122174279404928 0.9093444909344491 0.009223907484890787 0.022315202231520174
1 0.7224296112273362 0.8417015341701535 0.008565056950255752 0.02092050209205027
1 0.6865222570897258 0.8117154811715481 0.010541608554160859 0.022315202231520174
1 0.6436969723384471 0.8096234309623432 0.009223907484890716 0.02092050209205027
1 0.5985657107159461 0.8312412831241284 0.007247355880985609 0.01673640167364013
1 0.6558857072291957 0.7559274755927475 0.011200459088796038 0.025104602510460268
1 0.7069466236634124 0.7266387726638771 0.009223907484890645 0.019525801952580225
1 0.7823850098791261 0.6910739191073918 0.009882758019525966 0.02092050209205027
1 0.7949031700371921 0.7656903765690376 0.011200459088795895 0.022315202231520174
1 0.8268574209669921 0.6429567642956765 0.011859309623430932 0.025104602510460337
1 0.8192806398186889 0.5794979079497908 0.011200459088795895 0.023709902370990223
