2 0.39384736252185676 0.5128050783887683 0.07411070007437688 0.09114740238750894
1 0.11679904460906983 0.9409970721967166 0.009319639205932618 0.018867130973504686
1 0.6061837514241537 0.35443958084796207 0.009943389892578125 0.0219752470477019
1 0.6427514394124348 0.5954900066539761 0.008988062540690104 0.018953199291965272
1 0.903684425354004 0.5603832846308228 0.013720321655273437 0.029461609357772877
1 0.9317270278930664 0.3833511840416552 0.0097991943359375 0.021971243087617144
1 0.40554347038269045 0.24353925711264818 0.009527111053466797 0.019129575416035004
1 0.24288153648376465 0.14019231996042067 0.010246467590332032 0.022029283685484423
1 0.04239461620648702 0.4948579058494693 0.00981980562210083 0.020865948223883678
1 0.13854532241821288 0.7937714935269088 0.00909423828125 0.021480068219404635
1 0.41462059020996095 0.028730220016597256 0.010351181030273438 0.02171826599188387
1 0.11199722290039063 0.410974773840184 0.011366653442382812 0.02486297708362045
1 0.216058349609375 0.6948992172964615 0.0096527099609375 0.020289983612699836
1 0.4948004722595215 0.8902843942190083 0.009449005126953125 0.020329552159419794
1 0.8221281051635743 0.5041649596562328 0.013919830322265625 0.02867932303869212
1 0.17277042865753173 0.5353285212238148 0.009622812271118164 0.020780350959550716
1 0.6158054033915201 0.951129951182642 0.012256813049316407 0.026735821001584895
1 0.6724494616190592 0.5688961748251447 0.009188524881998698 0.020124239853224916
1 0.4102170944213867 0.7729578323111908 0.009732818603515625 0.019587641908420616
1 0.432546329498291 0.583917720840942 0.009381103515625 0.020088507032972713
1 0.771141242980957 0.11804579426724433 0.010193634033203124 0.02302122273807883
1 0.17186182339986164 0.6789379182960653 0.009535884857177735 0.02035801728741731
1 0.19157877763112388 0.20805605348967668 0.009745295842488606 0.021893872447155804
1 0.15993800163269042 0.24151214296788864 0.009458637237548828 0.020000790025065465
1 0.85877685546875 0.5494652930010508 0.012001800537109374 0.026145926646912895
1 0.07707436879475912 0.9656938008200109 0.011736011505126953 0.02680163399255788
1 0.45876550674438477 0.7208611636598161 0.008507347106933594 0.019311671483082965
1 0.1191229542096456 0.5990865049183435 0.010831665992736817 0.022752048950868246
1 0.5644031206766765 0.027749184605305094 0.011068407694498699 0.022103701825967305
1 0.8039989471435547 0.7584310613630099 0.008565902709960938 0.019307835756615214
1 0.1856024185816447 0.06696271212913235 0.009773015975952148 0.021530412129293863
1 0.45863494873046873 0.8428660669295239 0.009896278381347656 0.022282138811845365
1 0.19869496822357177 0.37592086034940914 0.010872793197631837 0.021589655597522742
1 0.6100027084350585 0.598436382928783 0.0095367431640625 0.020310104353293824
1 0.6950079282124837 0.5564276244175079 0.01009833017985026 0.020883881927456587
1 0.10083966255187989 0.5628070599977605 0.012498903274536132 0.0282745529561742
1 0.0163672203818957 0.3920110529315558 0.009746973713239035 0.022365313512093435
1 0.7497684571422681 0.5122720801740965 0.010319328308105469 0.02144534480085446
1 0.011384338140487671 0.46486849716506173 0.009217232465744019 0.02038799651796789
1 0.41587870915730796 0.17908425630781852 0.010070610046386718 0.023029247481610046
2 0.3912119603833172 0.45562237267049716 0.2427764369409508 0.14972480824524909
1 0.2019376888656439 0.5160390516039052 0.011200459088795895 0.022315202231520316
1 0.10080413179916319 0.497907949790795 0.010541608554160857 0.022315202231520316
1 0.02503632031613203 0.9323570432357043 0.010541608554160855 0.023709902370990223
1 0.03755448047419804 0.9944211994421199 0.01317701069270107 0.011157601115760087
1 0.1554887261738726 0.9930264993026499 0.013177010692701075 0.013947001394700181
1 0.37356825313807535 0.9735006973500697 0.011859309623431003 0.025104602510460268
1 0.4638307763830776 0.7761506276150628 0.009223907484890787 0.02092050209205013
1 0.7958914458391446 0.7580195258019526 0.010541608554160859 0.023709902370990223
1 0.8169746629474663 0.47489539748953974 0.009223907484890787 0.018131101813110177
1 0.7731611023942352 0.10599721059972105 0.011200459088795753 0.02231520223152023
1 0.882530291143654 0.03417015341701534 0.016471263365876468 0.034867503486750356
1 0.5998834117852162 0.010460251046025104 0.009882758019525753 0.02092050209205021
1 0.2144558490237099 0.06555090655509066 0.009882758019525824 0.019525801952580198
1 0.008894482217573224 0.013947001394700141 0.009882758019525803 0.022315202231520222
1 0.21906780276615528 0.6324965132496513 0.011200459088795895 0.02370990237099015
