2 0.13299557631761724 0.6545082764715153 0.2659911526352345 0.688194046778028
2 0.274790164427888 0.26742017113743516 0.47974217218446036 0.5348403422748703
1 0.08430702288945517 0.1650640620154872 0.008070969581604004 0.01689832660039967
1 0.29366796811421714 0.14193844611221532 0.00825204849243164 0.01773173070400789
1 0.15641477108001708 0.9311043298757063 0.007901239395141601 0.01726864243815463
1 0.4170710563659668 0.9118573610417241 0.008364486694335937 0.01903933490387266
1 0.4685810089111328 0.8786001994039415 0.010003089904785156 0.02220078103466097
1 0.11861809094746908 0.19075140905748258 0.011661195755004882 0.02464358362368212
1 0.032485342025756835 0.17276277720862473 0.007367277145385742 0.015983421721032592
1 0.881911055246989 0.7466928299101605 0.009906196594238281 0.022213634083000276
1 0.2515591621398926 0.3819572844079468 0.012337303161621094 0.02706034364879066
1 0.7862435976664226 0.5830525962888471 0.008539390563964844 0.020685669079899393
1 0.5090221405029297 0.15756339984797066 0.009090042114257813 0.019714691935984012
1 0.3457151412963867 0.648043530515694 0.008620071411132812 0.0188776287512059
1 0.8592380523681641 0.5683364615813637 0.011257171630859375 0.02213759248811329
1 0.3093311309814453 0.9488069141055678 0.010747909545898438 0.025226159816014334
1 0.38042942682902015 0.07082659880144987 0.009957249959309895 0.022636939304271894
1 0.7934081713358561 0.5118785551127946 0.006830406188964844 0.013876749898790654
1 0.566692352294922 0.1250430678059537 0.009708786010742187 0.022006824497614045
1 0.9843232154846191 0.7466493919902494 0.010043907165527343 0.021295953348952592
1 0.8199767112731934 0.4896613713004755 0.010238456726074218 0.021278389759337105
1 0.29116516113281254 0.7487154353939843 0.007919120788574218 0.017650398161866043
1 0.30837648709615073 0.7142635459016675 0.008992163340250652 0.022023126335101985
1 0.8041070938110352 0.4652011454959688 0.008612060546875 0.01916934584309537
1 0.7150558471679688 0.26614364741786967 0.008281707763671875 0.01784359764763644
1 0.9622245788574219 0.7473442641219336 0.009487152099609375 0.022820957440394158
1 0.9196442696727858 0.17527198300235936 0.00610809326171875 0.015083388693408906
1 0.006595090528329214 0.16663501911941409 0.007202679912249248 0.01617298736067565
1 0.3023431301116943 0.6275791222888817 0.009136486053466796 0.021052687538761026
1 0.843783187866211 0.6101622646732586 0.007207489013671875 0.019581383617867973
1 0.8767751541208634 0.8899593290007901 0.010828781127929687 0.023558224443563945
1 0.8412881851196289 0.543039845526547 0.006826019287109375 0.014965187754100056
1 0.7314943313598633 0.44129508122588207 0.009246063232421876 0.02004167079399807
1 0.7525126139322915 0.4292388882368901 0.008672968546549479 0.01811956807297409
1 0.23850389353788934 0.8089260808926082 0.010541608554160824 0.025104602510460126
1 0.2674933170618317 0.7852161785216178 0.010541608554160859 0.019525801952580083
1 0.26815216759646676 0.7405857740585773 0.010541608554160859 0.022315202231520316
1 0.2701287192003719 0.797071129707113 0.006588505346350537 0.018131101813110177
1 0.3738976784053928 0.603207810320781 0.009882758019525753 0.020920502092050198
1 0.007247355880985589 0.5251046025104603 0.011859309623430963 0.029288702928870265
1 0.7379125987912599 0.4867503486750349 0.011859309623430932 0.025104602510460268
1 0.7757965045327755 0.4414225941422595 0.007247355880985538 0.015341701534170155
1 0.6499560524174802 0.09274755927475592 0.011200459088796038 0.023709902370990223
1 0.3610500929800093 0.0599721059972106 0.011859309623430932 0.02510460251046025
1 0.32580158937703396 0.016736401673640166 0.012518160158066003 0.02510460251046025
1 0.9490741951417945 0.10739191073919108 0.00856505695025561 0.019525801952580187
1 0.9770753428637843 0.13528591352859137 0.006588505346350502 0.013947001394700145
1 0.9665337343096234 0.5571827057182707 0.005270804277080429 0.012552301255230134
1 0.8752829352626685 0.602510460251046 0.009882758019525824 0.022315202231520247
1 0.8341047768479777 0.6248256624825663 0.007906206415620573 0.01673640167364006
1 0.8413521327289633 0.6276150627615062 0.007906206415620573 0.019525801952580295
1 0.8690238551836356 0.8800557880055788 0.006588505346350502 0.016736401673640273
1 0.947427068805207 0.9630404463040446 0.007906206415620573 0.018131101813110177
0 0.9137581357508137 0.056485355648535546 0.17248372849837235 0.11297071129707109
