1 0.24706895048814503 0.6380753138075314 0.009223907484890752 0.02092050209205013
1 0.2809997530218503 0.5467224546722455 0.007247355880985573 0.019525801952580153
1 0.27375239714086474 0.5411436541143654 0.0046119537424453225 0.011157601115760087
1 0.3505084844258484 0.4372384937238493 0.011859309623430932 0.023709902370990292
1 0.3610500929800093 0.4665271966527197 0.006588505346350502 0.015341701534170226
1 0.3356843473965597 0.500697350069735 0.004611953742445394 0.01394700139470011
1 0.3248133135750814 0.5634588563458857 0.007906206415620644 0.0167364016736402
1 0.3653326214551372 0.599721059972106 0.008565056950255681 0.019525801952580153
1 0.3096597512784751 0.6750348675034868 0.006588505346350502 0.013947001394700039
1 0.2697992939330544 0.6764295676429568 0.005929654811715466 0.011157601115760087
1 0.12254619944211996 0.9435146443514646 0.005270804277080448 0.015341701534170084
1 0.2543163063691306 0.9923291492329149 0.003953103207810358 0.009762900976290042
1 0.06950873140399814 0.9483960948396095 0.005929654811715475 0.011157601115760087
1 0.049084364830311485 0.9658298465829848 0.004611953742445376 0.012552301255230276
1 0.07708551255230126 0.5069735006973501 0.006588505346350529 0.012552301255230134
1 0.1245227510460251 0.5013947001394701 0.005270804277080448 0.012552301255230063
1 0.15614757670850768 0.4665271966527197 0.005270804277080429 0.012552301255230134
1 0.1577947030450953 0.3361227336122734 0.008565056950255681 0.019525801952580225
1 0.0948744769874477 0.39191073919107394 0.007906206415620644 0.0167364016736402
1 0.10278068340306834 0.10878661087866108 0.010541608554160859 0.022315202231520212
1 0.3482025075546258 0.39539748953974896 0.007247355880985609 0.018131101813110177
1 0.38773353963272894 0.3856345885634589 0.005929654811715466 0.015341701534170155
1 0.4555951447001395 0.2629009762900976 0.008565056950255681 0.018131101813110177
1 0.4506537656903765 0.1903765690376569 0.007906206415620644 0.018131101813110177
1 0.44604181194793113 0.06345885634588563 0.007906206415620644 0.015341701534170155
1 0.4766783618084612 0.1324965132496513 0.005929654811715466 0.016736401673640183
1 0.49380847570897257 0.09414225941422595 0.005929654811715466 0.015341701534170155
1 0.5089620380055788 0.03207810320781032 0.007247355880985609 0.01673640167364017
1 0.5708939882612738 0.10529986052998605 0.007247355880985538 0.018131101813110177
1 0.6015305381218038 0.13389121338912133 0.006588505346350573 0.016736401673640183
2 0.4460418119479312 0.26847977684797764 0.13704091120409118 0.5341701534170152
1 0.694757888772664 0.3284518828451883 0.005929654811715466 0.012552301255230134
1 0.8242220188284519 0.20013947001394697 0.007906206415620716 0.018131101813110142
1 0.8677061541143654 0.2824267782426778 0.007906206415620716 0.018131101813110177
1 0.9329323570432356 0.4546722454672245 0.006588505346350502 0.01394700139470011
1 0.9243673000929801 0.4602510460251046 0.0039531032078102156 0.011157601115760087
1 0.8907659228265922 0.4532775453277545 0.007906206415620573 0.01673640167364013
1 0.9009781061134357 0.5167364016736401 0.004611953742445394 0.012552301255230063
1 0.8716592573221758 0.8249651324965133 0.006588505346350644 0.015341701534170226
1 0.7033229457229195 0.8884239888423988 0.00856505695025561 0.019525801952580225
0 0.9954556020455603 0.010460251046025102 0.009088795908879538 0.015341701534170148
