2 0.2098599400757524 0.7439741578359719 0.3022381530923103 0.512051684328056
2 0.4633950597682371 0.517238728389332 0.09889353779181388 0.0809496858840262
2 0.9303697586059565 0.9422811124863582 0.09787178039550783 0.11332395327632047
1 0.5120692253112794 0.37006022359728163 0.009327316284179687 0.01999685335842751
1 0.9668651580810547 0.3329666962040036 0.008957290649414062 0.019897326350606395
1 0.8945287704467774 0.45655329829408425 0.009424591064453125 0.020521944123828555
1 0.8456132888793946 0.5637808298197181 0.009215927124023438 0.020393750107669514
1 0.7514696439107259 0.06003811551296987 0.012101046244303386 0.023785667882076044
1 0.9053133964538574 0.6025054830700455 0.012593269348144531 0.025343385000344543
1 0.9190950075785319 0.41445502267519985 0.010159873962402343 0.02264532154423925
1 0.8589056968688965 0.20401375296360338 0.010460853576660156 0.022658696116791277
1 0.7130735079447429 0.17477294181647082 0.01255334218343099 0.027013574703262818
1 0.8114343643188476 0.9813483089964339 0.01321868896484375 0.029827214654251654
1 0.7692431131998698 0.006419009384273037 0.00876922607421875 0.012838018768546074
0 0.06028482391910738 0.12133891213389111 0.12056964783821476 0.24267782426778223
1 0.5511284722222222 0.2684797768479777 0.011200459088795895 0.023709902370990257
1 0.799844549046955 0.6499302649930264 0.009223907484890645 0.022315202231520174
1 0.826198570432357 0.26569037656903766 0.011859309623430932 0.0292887029288703
