1 0.5936476389567057 0.5941575291138368 0.00797271728515625 0.018197090123690737
1 0.04507662653923035 0.8811470208383579 0.0116324782371521 0.026684745275461687
1 0.36748388608296717 0.46239546299506445 0.009234396616617839 0.019117563535780733
1 0.9793170928955078 0.7207565896434847 0.009759902954101562 0.021143533691944598
2 0.5373487472534179 0.33487408127570134 0.10089340209960937 0.39003931707007683
1 0.7649037996927897 0.4860479655575988 0.010541979471842449 0.024062622474073182
1 0.5230504035949707 0.8523926992532043 0.01340656280517578 0.03108916866214168
1 0.27056083679199217 0.6673849120555403 0.011368942260742188 0.023897383415449284
1 0.28477404912312826 0.8494630117532043 0.01364307403564453 0.02944868901598677
1 0.0435593585173289 0.567224605606567 0.008984339237213135 0.019065175587444874
1 0.4862025260925293 0.3671801986610219 0.00807781219482422 0.01942465718026461
1 0.14687141577402751 0.746281128602622 0.008579270044962565 0.017594477307573044
1 0.8988829612731933 0.6930460567116868 0.013614845275878907 0.032671237596471885
1 0.8415547053019204 0.9669091877627136 0.011551666259765624 0.02413277589236494
1 0.4209036350250244 0.37576608542176304 0.008180332183837891 0.0174256044028218
1 0.7544782320658366 0.07195822853500551 0.007744916280110678 0.02052280211527529
1 0.7107404073079426 0.46808939705610014 0.008693059285481771 0.018123706619952454
1 0.07653331359227498 0.061141728040533264 0.011400771141052247 0.024316142123221297
1 0.1191084106763204 0.7825536086514611 0.009612965583801269 0.020391125663244213
1 0.2579822063446045 0.6161856015172789 0.009413814544677735 0.021116481726329933
1 0.7197886149088543 0.6600790307697939 0.013056182861328125 0.025992295707862455
1 0.8066484133402507 0.9119415451436743 0.010131263732910156 0.02186969727639195
1 0.7567624092102051 0.5607020873350503 0.010587501525878906 0.021644466109943496
1 0.8584105491638183 0.6856579764806711 0.01273174285888672 0.029913955907180264
1 0.4193106651306152 0.9548938755426544 0.008750534057617188 0.019672027890711135
1 0.04096565643946329 0.041494106641809365 0.008689188957214355 0.018142330081355084
1 0.7981939315795898 0.43016561993953273 0.011433029174804687 0.024297914010818635
1 0.13351304133733113 0.6345257238621486 0.008880988756815592 0.019414832337031424
1 0.2599928299585978 0.2209164956964495 0.009849882125854493 0.020231337373811328
1 0.38128674825032555 0.26381536145194495 0.010639381408691407 0.023540559913778254
1 0.08369790712992352 0.7411185435975399 0.009594917297363281 0.02172838103810639
1 0.759085241953532 0.9445016139660283 0.009520276387532552 0.019609444985184674
1 0.1669296105702718 0.6272421167072939 0.00926815668741862 0.02121822941789554
1 0.06579368114471436 0.5853930287219198 0.008057212829589844 0.018782946871554577
1 0.18867380619049073 0.5869826681690153 0.009142351150512696 0.021225631697043824
1 0.15742983023325602 0.9712705096967166 0.011266279220581054 0.024121268712961687
1 0.22863453029754935 0.9912362475320406 0.012276649475097651 0.017527504935918776
1 0.44804582595825193 0.9651632592854189 0.010571479797363281 0.01892749319528666
1 0.0796637157682262 0.8505315180779458 0.010640573501586915 0.022603532313774807
1 0.8708520028270827 0.9435907494856309 0.006602859497070313 0.015470494246141124
1 0.6643437067667644 0.6674175830239629 0.010350418090820313 0.02211807738854052
1 0.05191953182220459 0.7048541051155941 0.010473942756652832 0.021312911297546856
1 0.2025538682937622 0.6887352048627859 0.010162782669067384 0.02386380398549476
1 0.8260950088500977 0.12783575005410394 0.014907073974609376 0.03032393282014454
1 0.7332432428995769 0.6038966741425199 0.01350555419921875 0.02742645364612045
1 0.6198705355326335 0.7333832291810226 0.01128559112548828 0.024270458284523153
1 0.8257118225097656 0.6017154580045824 0.012779617309570312 0.02576033519673374
1 0.8262850761413574 0.8284675572909489 0.01071758270263672 0.02257688410884096
1 0.28559259705519136 0.7898897243103452 0.008530998229980468 0.017391789445803472
1 0.2889368057250976 0.19146465230014387 0.011530113220214844 0.02399009696178163
1 0.010151577740907669 0.19711215388288572 0.01374713033437729 0.03113656007205244
1 0.8612950007120769 0.10744551182318944 0.006404495239257813 0.01527532642705175
1 0.4853347301483154 0.933228211996968 0.009519672393798828 0.01857904772774256
1 0.3393974304199219 0.48967045591579383 0.010209083557128906 0.021884838301922546
1 0.7562709808349609 0.1610463235974969 0.007300567626953125 0.017903959869418413
1 0.5651480356852213 0.4733043195394328 0.01110382080078125 0.029124065428610804
2 0.23888250567756777 0.017284042122871345 0.18391767290790148 0.03456808424574269
1 0.08164026737213134 0.8379792168227156 0.010640573501586915 0.022603532313774807
1 0.2266579786936442 0.9653509364851134 0.012276649475097656 0.02450100563326902
1 0.26189308751743373 0.799163179916318 0.009882758019525824 0.022315202231520174
1 0.3528144612970711 0.5781032078103209 0.012518160158065967 0.029288702928870265
1 0.28627055729893075 0.5606694560669456 0.009882758019525824 0.022315202231520247
1 0.6502854776847977 0.6213389121338913 0.009223907484890645 0.020920502092050198
1 0.7135351290097628 0.5446304044630405 0.007906206415620573 0.018131101813110177
1 0.7000286930497444 0.40376569037656906 0.013835861227336039 0.029288702928870192
1 0.6996992677824267 0.37587168758716877 0.011859309623430932 0.026499302649930313
1 0.728029840771734 0.4295676429567642 0.013177010692701004 0.02789400278940029
1 0.7431834030683403 0.4253835425383542 0.010541608554160859 0.022315202231520174
1 0.801162250116225 0.5620641562064157 0.010541608554160859 0.022315202231520174
1 0.8377284547884705 0.50278940027894 0.012518160158065825 0.026499302649930313
1 0.9253555758949327 0.2594142259414226 0.011200459088795895 0.025104602510460233
1 0.8604587982333798 0.9428172942817296 0.009223907484890787 0.019525801952580225
