1 0.29549446478382146 0.9456066945606695 0.007247355880985573 0.013947001394700181
1 0.3162482566248257 0.896792189679219 0.007906206415620644 0.019525801952580368
1 0.3910277923059043 0.7287308228730822 0.008565056950255681 0.018131101813110177
1 0.11496941829381684 0.9937238493723849 0.007247355880985573 0.012552301255230134
1 0.8607882235006974 0.5822873082287309 0.007247355880985538 0.018131101813110177
1 0.8851656932821943 0.5195258019525802 0.00856505695025561 0.018131101813110107
1 0.906248910390516 0.41143654114365413 0.00856505695025561 0.019525801952580225
1 0.9398502876569037 0.2831241283124128 0.007247355880985538 0.019525801952580187
2 0.47206640806601585 0.5571827057182706 0.08103861576011148 0.17154811715481158
2 0.6028482391910739 0.7461645746164575 0.3188836587633658 0.5048814504881451
0 0.29714159112040905 0.5 0.5942831822408181 1.0
