0 0.09322735065086003 0.24337517433751743 0.18645470130172012 0.48675034867503486
1 0.0714852830079033 0.3298465829846583 0.009882758019525796 0.020920502092050198
1 0.10311010867038586 0.301952580195258 0.009882758019525806 0.020920502092050236
1 0.1587829788470479 0.28382147838214783 0.009223907484890735 0.020920502092050236
1 0.1920549308461181 0.29497907949790797 0.008565056950255681 0.018131101813110177
1 0.29845929218967915 0.6813110181311017 0.011859309623430967 0.02649930264993017
1 0.31031860181311016 0.6882845188284519 0.00790620641562061 0.02092050209205013
1 0.32250733670385867 0.6847977684797769 0.011200459088795895 0.02789400278940022
1 0.38707468909809395 0.9086471408647141 0.005929654811715537 0.012552301255230134
1 0.38542756276150625 0.9825662482566249 0.007906206415620573 0.02092050209205013
1 0.9065783356578336 0.4414225941422595 0.007906206415620573 0.020920502092050198
2 0.4700898564621106 0.6311018131101813 0.08630942003719191 0.3110181311018131
2 0.6203077783589023 0.050209205020920494 0.33535492212924195 0.10041841004184099
