2 0.13133164478534323 0.6342591604881633 0.07769150270633174 0.22736412760071278
1 0.730805492401123 0.6943725114883372 0.009331703186035156 0.01930440379082828
1 0.6854052225748697 0.7361524891038451 0.011207199096679688 0.025053484831518744
1 0.43314709663391116 0.9132432359319012 0.014423656463623046 0.031277523019742286
1 0.37856744130452474 0.9416970922770811 0.009064801534016927 0.01776506619521775
1 0.8129413604736329 0.36433854781280145 0.00723114013671875 0.014900485104999311
1 0.6677637736002605 0.7043691212444873 0.010084279378255208 0.022188399040449284
1 0.07937246163686117 0.00797206380270019 0.007524728775024414 0.01594412760540038
1 0.5422065734863282 0.8025130805001894 0.007981109619140624 0.018531605847746692
1 0.03275682230790456 0.7292922586695494 0.008547860383987426 0.018517137756684125
1 0.043167249361673994 0.5994162091609531 0.007033665974934895 0.017826639699042173
1 0.27987012863159183 0.9275460879358463 0.0104583740234375 0.022137390607772877
1 0.059654168287913006 0.2819522912341941 0.0093583345413208 0.020844246087289832
1 0.610912577311198 0.7507511294532112 0.011135101318359375 0.024690369392571666
1 0.8396894454956054 0.36632473071854327 0.00794677734375 0.017878926707207827
2 0.7375159617858063 0.06902685941447358 0.24676449366471523 0.13479062594676347
1 0.39758801460266113 0.8873609986562845 0.009960079193115234 0.021104570786245867
1 0.8605869928995769 0.958052495348677 0.01398773193359375 0.030232792258131202
1 0.4843744277954102 0.9089099080717682 0.012638664245605469 0.02768627364422547
1 0.595093027750651 0.4577415659777253 0.008336257934570313 0.016756068253858874
1 0.30189418792724604 0.587361765801578 0.0110137939453125 0.02381663127928611
1 0.795937474568685 0.8214842134957278 0.010655721028645836 0.022649359151047408
1 0.8071851207178063 0.4689209309392024 0.009830093383789063 0.01957149148118798
2 0.9400674296777665 0.7535696889118075 0.11986514064446521 0.23628356284779747
1 0.09402872323989868 0.18925020161116662 0.012702441215515137 0.025683216906697906
2 0.2570684386651938 0.440635735059838 0.5136909392200361 0.18533433845603547
1 0.48923583030700685 0.7437884110994349 0.008953571319580078 0.019031125103362734
1 0.3283631642659505 0.572529718131977 0.008721733093261718 0.019308037636955624
1 0.6322313626607259 0.6888989634655803 0.011191622416178387 0.024080287003858874
1 0.5712705294291178 0.5850411849353122 0.008191108703613281 0.019159049945734564
1 0.6401018460591635 0.6469020990710274 0.01018060048421224 0.023130440002239527
1 0.14005524317423504 0.06735635145496506 0.008242289225260416 0.015618922560585636
1 0.7616007804870606 0.4124596878606928 0.009852409362792969 0.01890134969120383
1 0.7176481564839682 0.6595420963577555 0.013707288106282552 0.02894392087152012
1 0.8609473864237468 0.10387792871174502 0.006434059143066407 0.012269555273760509
1 0.7400598208109537 0.5212607925229983 0.007799212137858073 0.014765326217096196
1 0.8308158874511719 0.3280015669952022 0.0081451416015625 0.01855162564817048
1 0.21006386280059813 0.04038720830141381 0.010169363021850586 0.020713110085753383
1 0.8065500259399414 0.9534025181746141 0.0100830078125 0.021894730438602537
1 0.542090384165446 0.6851011232083793 0.011671892801920573 0.024984710928886444
1 0.5270649909973144 0.7769416043619074 0.010725021362304688 0.022019088728293824
1 0.28533425331115725 0.10549158350766823 0.01133584976196289 0.024431432620955932
1 0.23718619246861924 0.14435146443514646 0.010541608554160859 0.023709902370990223
1 0.15944182938168294 0.17642956764295675 0.010541608554160841 0.023709902370990223
1 0.12518160158066016 0.19456066945606693 0.013177010692701075 0.026499302649930244
1 0.12024022257089725 0.20432357043235705 0.007247355880985573 0.015341701534170155
1 0.14955907136215715 0.12831241283124128 0.007906206415620644 0.016736401673640166
1 0.005929654811715482 0.33821478382147846 0.009223907484890747 0.020920502092050198
1 0.36500319618781957 0.9958158995815899 0.009223907484890716 0.008368200836820137
1 0.4921613493723849 0.688284518828452 0.007906206415620644 0.018131101813110177
1 0.5761647925383543 0.47071129707112974 0.009882758019525824 0.020920502092050198
1 0.7148528300790329 0.7642956764295675 0.007906206415620573 0.01673640167364013
1 0.8242220188284519 0.8479776847977685 0.007906206415620716 0.016736401673640273
1 0.7201236343561135 0.3361227336122734 0.007906206415620573 0.019525801952580225
1 0.728688691306369 0.3410041841004184 0.009223907484890787 0.020920502092050198
1 0.6908047855648536 0.2294281729428173 0.008565056950255752 0.018131101813110215
1 0.842340408530916 0.44560669456066937 0.00856505695025561 0.018131101813110177
1 0.8097273070664807 0.44700139470013944 0.009223907484890645 0.02092050209205027
1 0.16570090946071594 0.41771269177126924 0.009882758019525824 0.020920502092050198
1 0.0023059768712226873 0.3675034867503487 0.0046119537424453745 0.015341701534170155
1 0.9576392520920501 0.9595536959553695 0.009882758019525824 0.019525801952580225
