2 0.485293358993885 0.184999556702307 0.0596699468150684 0.369999113404614
2 0.13426278314719023 0.6992403317216797 0.26852556629438046 0.4341553198202356
2 0.2754494637126204 0.2644974646520983 0.47672233523905744 0.5289949293041966
1 0.35413216236634126 0.7517433751743374 0.015153562296606183 0.03068340306834031
1 0.3426022780102278 0.8396094839609484 0.009223907484890787 0.019525801952580225
1 0.38740411436541144 0.8682008368200838 0.007906206415620716 0.018131101813110177
1 0.4546068688981869 0.8891213389121339 0.009223907484890716 0.02092050209205013
1 0.47634893654114363 0.8507670850767084 0.010541608554160788 0.022315202231520316
1 0.528398128777313 0.6708507670850767 0.010541608554160859 0.022315202231520174
1 0.4190289400278939 0.6387726638772664 0.007906206415620644 0.0167364016736402
1 0.4233114685030218 0.6624825662482567 0.008565056950255752 0.01673640167364013
1 0.32250733670385867 0.7294281729428173 0.008565056950255681 0.019525801952580225
1 0.31756595769409574 0.6687587168758716 0.009223907484890716 0.02092050209205027
1 0.3017535448628545 0.5564853556485356 0.011859309623430932 0.025104602510460337
1 0.49710272838214786 0.5655509065550907 0.012518160158065967 0.026499302649930244
1 0.5386103120641562 0.5195258019525802 0.009882758019525753 0.020920502092050198
1 0.5092914632728963 0.396792189679219 0.015812412831241362 0.03486750348675038
1 0.7540544368898187 0.401673640167364 0.016471263365876326 0.03626220362622035
1 0.7919383426313342 0.33333333333333337 0.011859309623430932 0.025104602510460268
1 0.344578829614133 0.19665271966527198 0.010541608554160859 0.022315202231520174
1 0.31591883135750815 0.18549511854951184 0.011200459088795895 0.025104602510460233
1 0.25925768537889354 0.1903765690376569 0.011200459088795932 0.020920502092050198
1 0.1034395339377034 0.3221757322175732 0.009223907484890752 0.022315202231520212
1 0.07972091469084147 0.11645746164574616 0.007906206415620636 0.018131101813110177
1 0.1479119450255695 0.057182705718270575 0.01251816015806602 0.027894002789400282
1 0.19304320664807068 0.16457461645746163 0.010541608554160859 0.02231520223152019
1 0.20654964260808928 0.14644351464435146 0.012518160158066038 0.027894002789400272
1 0.23059768712226872 0.2126917712691771 0.010541608554160859 0.023709902370990257
1 0.2332330892608089 0.18688981868898188 0.009223907484890752 0.019525801952580187
1 0.2500337778940028 0.14783821478382148 0.009882758019525824 0.02231520223152023
