2 0.4513425350189209 0.5852581460234039 0.12133512496948244 0.21626975139999516
1 0.46086594897721994 0.9079497907949791 0.012518160158066038 0.025104602510460268
1 0.5669408850534635 0.805439330543933 0.015153562296606112 0.032078103207810356
1 0.604165940260344 0.7775453277545327 0.01581241283124129 0.032078103207810356
1 0.6357907659228266 0.7468619246861925 0.013177010692701004 0.026499302649930313
1 0.5573875523012553 0.4372384937238493 0.013177010692701004 0.029288702928870335
1 0.7945737447698744 0.24616457461645744 0.013177010692701146 0.0292887029288703
1 0.6868516823570434 0.07322175732217573 0.013835861227336039 0.029288702928870283
1 0.653579730357973 0.05160390516039052 0.011859309623430932 0.025104602510460254
1 0.5906595043003254 0.03207810320781032 0.012518160158065967 0.027894002789400282
1 0.3267898651789865 0.007670850767085078 0.010541608554160859 0.015341701534170155
1 0.2609048117154812 0.010460251046025104 0.013177010692701038 0.02092050209205021
1 0.22960941132031615 0.026499302649930265 0.011200459088795895 0.02510460251046025
1 0.0935567759181776 0.05369595536959554 0.01581241283124129 0.03207810320781032
1 0.11167516562064157 0.0697350069735007 0.01251816015806602 0.030683403068340293
1 0.11826367096699211 0.11227336122733611 0.013835861227336129 0.029288702928870283
1 0.020424366573686657 0.24476987447698748 0.009223907484890749 0.02649930264993028
1 0.1884312529056253 0.4351464435146444 0.010541608554160859 0.022315202231520247
1 0.13275838272896326 0.9246861924686192 0.01251816015806602 0.02789400278940022
