2 0.6180018014876779 0.14225941422594135 0.06324965132496455 0.10041841004184078
2 0.4816197408182238 0.26708507670850773 0.08037976522547635 0.5341701534170155
1 0.041304860440582195 0.4593927690162001 0.008615737760612242 0.020384078961484916
1 0.009122545864177661 0.48353180989164257 0.013177010692701066 0.03218538783392347
1 0.049667194149411724 0.6101276687050745 0.008108929657046815 0.017165540178092444
1 0.024833597074705862 0.6852269069842291 0.012163394485570219 0.025748310267138804
1 0.018245091728355325 0.843364445874906 0.012163394485570219 0.02789400278940022
1 0.03902422397453778 0.8986160283231412 0.011149778278439357 0.024675464006007813
1 0.06005676027250296 0.8932517970174874 0.008615737760612231 0.020384078961484847
1 0.019258707935486178 0.965668919643815 0.010136162071308517 0.021456925222615553
1 0.09629353967743089 0.9367020705932839 0.010136162071308519 0.019311232700353998
1 0.07120653855094233 0.7736294389014055 0.014697435003397343 0.030039695311661774
1 0.07196675070629045 0.8015234416908058 0.011149778278439371 0.023602617744877392
1 0.11023076252548009 0.7634373994206629 0.013683818796266501 0.031112541572792765
1 0.13278372313414152 0.7934770947323249 0.011149778278439352 0.0225297714837464
1 0.15812412831241282 0.7875764402961056 0.011149778278439371 0.02360261774487725
1 0.18143730107642242 0.7832850552515825 0.010136162071308484 0.021456925222615553
1 0.21260599944569605 0.7618281300289668 0.013683818796266501 0.027894002789400362
1 0.26151298143975965 0.778457247076494 0.011149778278439371 0.024675464006007956
1 0.3253708024890033 0.807424096127025 0.010136162071308519 0.020384078961484704
1 0.3550190765475807 0.784357901512713 0.01064297017487398 0.021456925222615695
1 0.274436588080678 0.9565497264242033 0.008615737760612242 0.018238386439223292
1 0.2817853055823767 0.9667417659049459 0.010136162071308519 0.021456925222615553
1 0.3028178418803419 0.9645960733826843 0.009629353967743058 0.017165540178092444
1 0.3593269454278868 0.9527947645102457 0.010136162071308519 0.021456925222615553
1 0.10921714631834924 0.658834888960412 0.010642970174873928 0.025748310267138662
1 0.13734499606623035 0.6261130779959232 0.010136162071308519 0.022529771483746474
1 0.16471263365876335 0.5789078425061688 0.012163394485570222 0.024675464006007956
1 0.16395242150341524 0.5531595322390301 0.007602121553481389 0.016092693916961734
1 0.18498495780138036 0.5300933376247184 0.008108929657046815 0.015019847655830887
1 0.3058586905017344 0.47484175517648325 0.010642970174873909 0.024675464006007956
1 0.29825656894825303 0.3611200514966205 0.012670202589135648 0.02682115652826951
1 0.30915294317490966 0.5735436112005149 0.013177010692701038 0.028966849050531138
1 0.33094569162822296 0.5783714193756034 0.010136162071308448 0.021456925222615553
1 0.36895629939562996 0.5038086042270143 0.008108929657046744 0.020384078961484774
1 0.23211811143296499 0.03486750348675035 0.011149778278439371 0.02467546400600795
1 0.2643004260093695 0.20491363587597897 0.009629353967743058 0.021456925222615587
1 0.2919214676536852 0.07831777706254693 0.009122545864177631 0.019311232700354033
1 0.3137142161069985 0.01019203948074241 0.00608169724278504 0.013947001394700138
1 0.3339865402496155 0.0901190859349855 0.006081697242785111 0.012874155133569331
1 0.3641416224117583 0.06222508314558524 0.009629353967743058 0.023602617744877163
1 0.37959926957050383 0.07939062332367772 0.011149778278439371 0.025748310267138717
1 0.3388012172334871 0.22046990666237526 0.01469743500339746 0.031112541572792623
1 0.3917626640560741 0.24085398562386012 0.01013616207130859 0.0225297714837464
1 0.4056998869041233 0.19472159639523653 0.012670202589135614 0.02896684905053107
1 0.39150926000429137 0.2848406823302221 0.01064297017487398 0.02467546400600792
1 0.3925228762114222 0.34867503486750345 0.009629353967743129 0.023602617744877107
1 0.43610837311804884 0.35082072738976505 0.010642970174873837 0.025748310267138735
1 0.4302800799270464 0.3985623860100847 0.011149778278439371 0.02682115652826951
1 0.4391492217394413 0.429138504452312 0.011656586382004761 0.023602617744877107
1 0.42521199889139216 0.5332045917819975 0.010136162071308519 0.021456925222615622
1 0.37985267362228653 0.5605621714408325 0.010642970174873909 0.022529771483746474
1 0.4516336319422092 0.5579873404141186 0.010136162071308448 0.021456925222615695
1 0.4779876533276115 0.5279476451024568 0.013177010692701075 0.027894002789400362
1 0.46253000616886597 0.453921253084433 0.013683818796266607 0.02789400278940022
1 0.48457615867396187 0.40617959446411334 0.011149778278439371 0.02467546400600803
1 0.4300942875406787 0.599828344598219 0.011656586382004761 0.025748310267138735
1 0.42781365107463415 0.7114043557558201 0.011149778278439559 0.02574831026713878
1 0.4133696201230197 0.7902585559489325 0.0096293539677432 0.024675464006008098
1 0.41970472141758747 0.8793047956227872 0.009122545864177737 0.018238386439223434
1 0.4485927833208167 0.8669670636197833 0.009122545864177666 0.01931123270035414
1 0.4797614816900904 0.907735221542753 0.009629353967743129 0.019311232700353998
1 0.5517282323963808 0.9919536530415192 0.009629353967743129 0.016092693916961595
1 0.6302834884490218 0.9232914923291493 0.013683818796266465 0.028966849050530926
1 0.5499544040339018 0.8980796051925759 0.010136162071308519 0.021456925222615837
1 0.5390580298072453 0.8648213710975218 0.010642970174873909 0.021456925222615553
1 0.5233469785967171 0.7757751314236669 0.009629353967743058 0.021456925222615553
1 0.48432275462217933 0.778457247076494 0.008615737760612205 0.01823838643922315
1 0.4382032171977255 0.7811393627293209 0.008615737760612205 0.019311232700353856
1 0.49319189643457423 0.7291063190644781 0.012163394485570293 0.02682115652826937
1 0.539311433859028 0.7199871258448663 0.008108929657046744 0.02360261774487725
1 0.5616109904159067 0.7366162428923935 0.012163394485570364 0.02682115652826937
1 0.5735209808496942 0.7800665164681901 0.013683818796266465 0.030039695311661774
1 0.5826435267138718 0.7468082823731359 0.010642970174873909 0.02360261774487725
1 0.6343379532775453 0.828344598219075 0.007602121553481496 0.017165540178092586
1 0.6383924181060686 0.8197618281300291 0.007602121553481425 0.0171655401780923
1 0.6518228328505525 0.8122519043021135 0.013177010692701004 0.027894002789400362
1 0.6898334406179594 0.8723312949254373 0.009122545864177595 0.019311232700353998
1 0.8330067298751922 0.9678146121660766 0.01165658638200469 0.023602617744877107
1 0.9052268846332652 0.9420663018989379 0.009122545864177595 0.01931123270035414
1 0.9211913398955762 0.9012981439759682 0.01064297017487405 0.02360261774487725
1 0.9445045126595858 0.9222186460680183 0.009629353967742987 0.020384078961484847
1 0.9794742718056003 0.9120266065872761 0.009629353967743129 0.021456925222615695
1 0.9789674637020349 0.8594571397918678 0.009629353967743129 0.021456925222615553
1 0.9683244935271609 0.7945499409934556 0.009629353967742987 0.020384078961484847
1 0.9561610990415906 0.7532453599399206 0.009629353967743129 0.021456925222615553
1 0.7341791496799343 0.7800665164681899 0.01672466741765888 0.03647677287844644
1 0.6774166420806066 0.7414440510674819 0.009629353967743129 0.021456925222615553
1 0.64878198422916 0.6915566999249009 0.0111497782784393 0.024675464006007956
1 0.6163462656009726 0.6760004291385044 0.010136162071308519 0.021456925222615553
1 0.6097577602546217 0.6352322712155345 0.011149778278439614 0.023602617744877322
1 0.566679071451561 0.6776096985302007 0.009122545864177595 0.020384078961484847
1 0.5081427354897542 0.6148481922540499 0.012670202589135555 0.027894002789400362
1 0.5309491001501985 0.5778349962450381 0.009629353967743129 0.020384078961484847
1 0.5950603252512248 0.5214032829095591 0.010136162071308377 0.023602617744877038
1 0.6021556387011409 0.49887351142581265 0.015204243106962778 0.03433108035618481
1 0.5899922442155705 0.4629331616779315 0.008108929657046815 0.018238386439223292
1 0.5720005565389978 0.39748953974895396 0.01165658638200469 0.024675464006007956
1 0.4957259369524013 0.11694024246325502 0.013177010692701075 0.027894002789400272
1 0.5111835841111467 0.0745628151485892 0.009629353967743129 0.02038407896148483
1 0.6193871142223651 0.2757214891106104 0.012163394485570364 0.02789400278940029
1 0.615079245342059 0.3089797232056646 0.011656586382004832 0.025748310267138662
1 0.6391526302614168 0.21295998283445983 0.010136162071308377 0.022529771483746366
1 0.6465013477631154 0.23012552301255226 0.008615737760612205 0.020384078961484812
1 0.6325641249150662 0.49458212638128957 0.008108929657046815 0.01716554017809237
1 0.6477683680220291 0.5761184422272287 0.009122545864177595 0.02360261774487718
1 0.6315505087079354 0.6351249865894217 0.009122545864177737 0.021456925222615622
1 0.7063047039838358 0.6614097199871258 0.009629353967743129 0.02252977148374626
1 0.7291110686442798 0.6024031756249328 0.008615737760612347 0.020384078961484704
1 0.7612933832206843 0.6442441798090333 0.00912254586417788 0.020384078961484704
1 0.7894212329685655 0.6099130994528483 0.009629353967743129 0.020384078961484847
1 0.8352873663412365 0.5305224761291707 0.009122545864177595 0.020384078961484847
1 0.8796330754032112 0.5106748202982512 0.010642970174873909 0.023602617744877107
1 0.9366489870543216 0.5428602081321746 0.008108929657046815 0.017165540178092586
1 0.9219515520509244 0.4350391588885313 0.010136162071308377 0.0225297714837464
1 0.9799810799091656 0.42431069627722345 0.009629353967743129 0.020384078961484847
1 0.932847926277581 0.3594034974788113 0.008615737760612347 0.019311232700354067
1 0.9396898356757143 0.3089797232056646 0.009122545864177595 0.019311232700354033
1 0.8976247630797838 0.2837678360690913 0.009122545864177737 0.020384078961484812
1 0.9059870967886136 0.26821156528269496 0.008615737760612347 0.017165540178092478
1 0.9153630467045737 0.2623109108464757 0.011149778278439442 0.022529771483746436
1 0.9609757760254621 0.08582770089046239 0.010136162071308519 0.021456925222615615
1 0.992904686550084 0.007509923827915459 0.010136162071308377 0.015019847655830918
1 0.8852079645424308 0.030039695311661837 0.009629353967743129 0.021456925222615594
1 0.834780558237671 0.14697993777491686 0.008108929657046815 0.017165540178092496
1 0.7863803843471728 0.19794013517862885 0.008615737760612205 0.022529771483746366
1 0.7927154856417409 0.2590923720630834 0.009122545864177737 0.0225297714837464
1 0.834020346082323 0.3653041519150305 0.010642970174873909 0.0225297714837464
1 0.8509984175517648 0.3931981547044308 0.009122545864177737 0.020384078961484847
1 0.7438085036476771 0.40768157922969633 0.009629353967743271 0.01931123270035414
1 0.7126398052784034 0.4049994635768694 0.0111497782784393 0.02467546400600803
1 0.6652532475950362 0.4768801630726317 0.01064297017487405 0.02252977148374633
1 0.7488765846833316 0.23441690805707543 0.009629353967743271 0.020384078961484812
1 0.7311383010585416 0.19096663448127885 0.008615737760612347 0.019311232700354033
1 0.7139068255373169 0.14537066838322069 0.009629353967743129 0.020384078961484812
1 0.7734567777062545 0.0960197403712048 0.0111497782784393 0.02467546400600792
1 0.6153326493938418 0.16307263169187855 0.0111497782784393 0.023602617744877142
