1 0.03129540039516504 0.10669456066945607 0.009882758019525801 0.023709902370990257
1 0.06259080079033008 0.14435146443514643 0.007906206415620653 0.018131101813110194
1 0.1281464289865179 0.19804741980474197 0.009882758019525824 0.019525801952580187
1 0.15713585251046028 0.2377963737796374 0.008565056950255698 0.018131101813110177
1 0.18480757496513248 0.3179916317991632 0.008565056950255681 0.019525801952580187
1 0.19304320664807068 0.3926080892608089 0.005270804277080429 0.012552301255230134
1 0.2948356142491864 0.4888423988842399 0.008565056950255645 0.01813110181311025
1 0.3040595217340772 0.5376569037656904 0.007247355880985573 0.020920502092050198
1 0.27144642026964205 0.19525801952580196 0.009223907484890716 0.019525801952580187
1 0.26123423698279874 0.16527196652719667 0.008565056950255716 0.018131101813110194
1 0.24608067468619246 0.13807531380753138 0.008565056950255716 0.016736401673640166
1 0.25201032949790797 0.12133891213389121 0.007247355880985609 0.019525801952580187
1 0.30076526906090195 0.9435146443514646 0.009882758019525787 0.02092050209205027
1 0.3116363028823803 0.9267782426778243 0.009223907484890716 0.02092050209205013
1 0.32415446304044626 0.8898186889818689 0.010541608554160824 0.022315202231520174
1 0.34326112854486285 0.822175732217573 0.007906206415620644 0.018131101813110177
1 0.352155610762436 0.8131101813110181 0.007247355880985609 0.019525801952580225
1 0.3551204381682938 0.7761506276150628 0.010541608554160859 0.023709902370990223
1 0.4203466410971641 0.8647140864714086 0.014494711761971217 0.027894002789400362
1 0.4387944560669456 0.8096234309623432 0.009223907484890787 0.02092050209205027
1 0.4493360646211065 0.7559274755927475 0.009223907484890787 0.022315202231520316
1 0.44999491515574147 0.7810320781032078 0.009223907484890716 0.019525801952580225
1 0.4641602016503951 0.7663877266387726 0.007247355880985609 0.015341701534170226
1 0.47239583333333335 0.7419804741980474 0.010541608554160859 0.022315202231520174
1 0.4868905450953045 0.7231520223152024 0.007906206415620644 0.018131101813110177
1 0.4730546838679684 0.8347280334728033 0.010541608554160859 0.02092050209205013
1 0.39893399872152485 0.09693165969316597 0.020424366573686684 0.043235704323570434
1 0.43418250232450023 0.09553695955369595 0.019765516039051648 0.03765690376569038
1 0.425288020106927 0.11506276150627615 0.016471263365876326 0.037656903765690364
1 0.43418250232450023 0.12691771269177127 0.018447814969781505 0.039051603905160395
1 0.4480183635518364 0.12552301255230128 0.011859309623431003 0.027894002789400272
1 0.45987767317526734 0.14714086471408647 0.018447814969781432 0.040446304044630406
1 0.4588893973733147 0.34658298465829845 0.012518160158066038 0.026499302649930313
1 0.5886829526964203 0.19107391910739188 0.02042436657368661 0.04184100418410044
1 0.5718822640632264 0.10390516039051605 0.011859309623430932 0.02649930264993026
1 0.58472984948861 0.09483960948396096 0.011200459088795967 0.02510460251046025
1 0.6436969723384474 0.11018131101813111 0.011859309623431003 0.027894002789400272
1 0.6759806485355648 0.10529986052998605 0.011859309623430932 0.02649930264993028
1 0.6967344403765691 0.2099023709902371 0.012518160158065825 0.02649930264993028
1 0.7221001859600186 0.22454672245467225 0.011859309623430932 0.025104602510460268
1 0.7250650133658764 0.12482566248256624 0.009882758019525824 0.023709902370990223
1 0.7751376539981405 0.2405857740585774 0.012518160158065967 0.0292887029288703
1 0.8331165010460251 0.2684797768479777 0.012518160158065967 0.02649930264993028
1 0.8611176487680149 0.29776847977684795 0.011859309623430932 0.02649930264993021
1 0.9151433926080892 0.3096234309623431 0.011859309623430932 0.02789400278940029
1 0.9434739655973966 0.31450488145048816 0.011859309623430932 0.02649930264993028
1 0.8028093764528126 0.14435146443514643 0.011200459088795895 0.02649930264993026
1 0.8169746629474663 0.1499302649930265 0.011859309623430932 0.02649930264993028
1 0.8940601754997676 0.16457461645746163 0.011859309623430932 0.02510460251046025
1 0.9190964958158996 0.20013947001394697 0.010541608554160859 0.023709902370990257
1 0.98564039981404 0.19316596931659696 0.011859309623430932 0.02649930264993028
1 0.6160252498837749 0.2649930264993026 0.019765516039051575 0.04184100418410044
1 0.572870539865179 0.30264993026499304 0.020424366573686754 0.041841004184100396
1 0.5544227248953975 0.3507670850767085 0.012518160158066038 0.026499302649930313
1 0.5755059420037192 0.36820083682008364 0.01383586122733618 0.03068340306834031
1 0.6002128370525337 0.39400278940027894 0.019765516039051575 0.0376569037656904
1 0.5893418032310553 0.33472803347280333 0.017788964435146395 0.03626220362622035
1 0.6077896182008368 0.3437935843793585 0.019106665504416684 0.03765690376569033
1 0.6048247907949791 0.3103207810320781 0.021083217108321717 0.04323570432357045
1 0.5577169775685727 0.4288702928870293 0.017788964435146395 0.03765690376569033
1 0.5649643334495583 0.4735006973500698 0.01778896443514647 0.0376569037656904
1 0.571552838795909 0.4546722454672245 0.01910666550441654 0.03626220362622043
1 0.5863769758251975 0.4316596931659693 0.023718619246861933 0.04602510460251047
1 0.5748470914690842 0.4253835425383542 0.01910666550441654 0.047419804741980515
1 0.628543410041841 0.48256624825662486 0.021083217108321717 0.044630404463040424
1 0.647979500813575 0.49023709902370993 0.01910666550441661 0.0376569037656904
1 0.5906595043003254 0.5174337517433751 0.02305976871222697 0.047419804741980445
1 0.6114132961413296 0.5655509065550907 0.01713011390051143 0.037656903765690475
1 0.6209666288935379 0.5348675034867503 0.01910666550441654 0.04044630404463043
1 0.6351319153881915 0.5899581589958158 0.017130113900511362 0.050209205020920536
1 0.6473206502789399 0.5836820083682008 0.01778896443514647 0.0376569037656904
1 0.6601682357043237 0.5536959553695955 0.018447814969781432 0.039051603905160374
1 0.6351319153881915 0.6527196652719666 0.017130113900511362 0.03626220362622035
1 0.6525914545560204 0.6429567642956764 0.016471263365876326 0.036262203626220284
1 0.6519326040213853 0.7308228730822873 0.017788964435146395 0.03626220362622035
1 0.6486383513482101 0.7608089260808927 0.020424366573686684 0.04323570432357045
1 0.6272257089725709 0.9735006973500697 0.010541608554160788 0.022315202231520316
1 0.634143639586239 0.9672245467224547 0.012518160158065967 0.02649930264993017
1 0.6552268566945607 0.9783821478382149 0.009882758019525966 0.02092050209205027
1 0.6516031787540679 0.992329149232915 0.013177010692701004 0.015341701534170084
1 0.7230884617619711 0.9811715481171548 0.020424366573686684 0.0376569037656904
1 0.7468070810088332 0.9776847977684798 0.017788964435146538 0.0362622036262205
1 0.7477953568107856 0.9191073919107393 0.019765516039051505 0.041841004184100396
1 0.7570192642956763 0.899581589958159 0.017130113900511362 0.03626220362622035
1 0.7227590364946537 0.895397489539749 0.019765516039051648 0.047419804741980445
1 0.6996992677824267 0.8884239888423988 0.01844781496978129 0.03905160390516045
1 0.6670861663179916 0.8368200836820082 0.017788964435146395 0.036262203626220214
1 0.6641213389121339 0.8179916317991632 0.019765516039051505 0.040446304044630496
1 0.6743335221989772 0.8089260808926081 0.016471263365876326 0.03626220362622035
1 0.6825691538819154 0.8200836820083682 0.017130113900511362 0.03626220362622035
1 0.6828985791492329 0.7085076708507672 0.016471263365876326 0.036262203626220214
1 0.6888282339609484 0.7336122733612274 0.01910666550441647 0.03626220362622035
1 0.7125468532078102 0.7468619246861924 0.01910666550441661 0.040446304044630496
1 0.7148528300790329 0.7873082287308227 0.01581241283124129 0.032078103207810356
1 0.7049700720595072 0.794979079497908 0.018447814969781574 0.03905160390516045
1 0.8189512145513714 0.8877266387726638 0.010541608554160859 0.032078103207810356
1 0.9892640777545327 0.9895397489539749 0.008565056950255752 0.01813110181311032
1 0.9774047681311018 0.8856345885634589 0.009882758019525824 0.022315202231520174
1 0.814339260808926 0.7482566248256625 0.013177010692701146 0.026499302649930313
1 0.8117038586703859 0.7252440725244073 0.013177010692701004 0.03068340306834017
1 0.7711845507903301 0.7587168758716875 0.01383586122733618 0.027894002789400362
1 0.7507601842166435 0.6757322175732219 0.00856505695025561 0.02092050209205027
1 0.7487836326127382 0.6485355648535566 0.012518160158065967 0.03068340306834031
1 0.7303358176429569 0.6401673640167364 0.011200459088795895 0.022315202231520174
1 0.7794201824732682 0.6429567642956764 0.013177010692701146 0.02789400278940022
1 0.7866675383542538 0.6652719665271967 0.011859309623430932 0.025104602510460268
1 0.7230884617619711 0.4630404463040446 0.009882758019525824 0.022315202231520247
1 0.7698668497210599 0.4609483960948396 0.009882758019525824 0.02092050209205027
1 0.813021559739656 0.4839609483960949 0.007906206415620716 0.0167364016736402
1 0.843658109600186 0.4860529986052999 0.008565056950255752 0.018131101813110177
1 0.8518937412831242 0.3947001394700139 0.010541608554160859 0.02789400278940029
1 0.9019663819153882 0.41492329149232915 0.011859309623430932 0.026499302649930313
1 0.9296381043700603 0.44351464435146437 0.013177010692701146 0.02789400278940029
1 0.9750987912598791 0.4686192468619247 0.011859309623430932 0.025104602510460195
1 0.8960367271036728 0.5529986052998606 0.009223907484890645 0.02092050209205027
1 0.9141551168061366 0.5774058577405858 0.00856505695025561 0.019525801952580225
1 0.9345794833798234 0.6297071129707114 0.008565056950255752 0.018131101813110107
2 0.3594029666434216 0.5488145048814498 0.30768319967456975 0.14923291492329144
2 0.07082643247326825 0.6889818688981869 0.1416528649465365 0.6220362622036262
2 0.2757289487447698 0.18758716875871684 0.3366726231985122 0.3751743375174337
