2 0.4160804712179367 0.5985043850684961 0.1975559943113588 0.2476900697529668
1 0.2597348690032959 0.736440471409437 0.009708881378173828 0.020180699055092333
1 0.0792040467262268 0.8091950505939051 0.008596110343933105 0.017967552176646914
1 0.3073474725087484 0.3446924615458327 0.010887241363525391 0.023325557351243798
1 0.04711459875106812 0.820910267687948 0.01044447422027588 0.02248785487872106
1 0.28537354469299314 0.40534968097522733 0.01101541519165039 0.02267943932176819
1 0.4466241836547852 0.8464162336557677 0.010875701904296875 0.023730630254272328
1 0.47969020207722957 0.45730724637601833 0.015573501586914057 0.02825482058417557
1 0.12009096145629883 0.7461929405405872 0.01199932098388672 0.024408544437362182
1 0.2331221580505371 0.6666902081574732 0.007468509674072266 0.01784561645104052
1 0.8608070373535156 0.10512684882015746 0.007516098022460937 0.014833561772154079
1 0.479643189214319 0.4790794979079498 0.007906206415620644 0.018131101813110177
1 0.288905959437471 0.713389121338912 0.007247355880985574 0.0153417015341702
1 0.2240091817759182 0.7329149232914923 0.009223907484890752 0.02092050209205013
1 0.1986434361924686 0.6562064156206415 0.007247355880985573 0.015341701534170226
1 0.15087677243142725 0.6548117154811715 0.00790620641562061 0.018131101813110177
