2 0.19249647260543526 0.7225211611977054 0.13339494864145904 0.5549576776045889
2 0.8073504725925755 0.8701090947825787 0.11285806493612854 0.25978181043484155
2 0.420855126786598 0.7303908207863878 0.26384623446391375 0.5392183584272208
2 0.9611953742445367 0.6896792189679215 0.07760925151092506 0.07949790794979096
1 0.7711845507903301 0.5411436541143654 0.015153562296606148 0.03068340306834031
1 0.7886440899581589 0.49372384937238495 0.014494711761971217 0.030683403068340383
1 0.7958914458391446 0.37308228730822873 0.006588505346350644 0.015341701534170155
1 0.8090684565318456 0.3688981868898187 0.013177010692701004 0.029288702928870265
1 0.8113744334030684 0.2719665271966527 0.015153562296606254 0.0334728033472803
1 0.8443169601348209 0.2294281729428173 0.015153562296606254 0.03207810320781032
1 0.8555174192236169 0.05299860529986053 0.01383586122733618 0.030683403068340297
1 0.9036135082519757 0.008368200836820085 0.012518160158065967 0.01673640167364017
1 0.8403638569270108 0.02370990237099024 0.015153562296606254 0.030683403068340307
1 0.8176335134821013 0.09553695955369595 0.014494711761971075 0.03207810320781033
1 0.783702710948396 0.0899581589958159 0.015153562296606254 0.03207810320781032
1 0.7606429422361691 0.28521617852161785 0.012518160158065967 0.032078103207810356
1 0.7342889208507671 0.303347280334728 0.00856505695025561 0.018131101813110177
1 0.7309946681775918 0.1087866108786611 0.00856505695025561 0.019525801952580205
1 0.7501013336820083 0.44072524407252445 0.008565056950255752 0.019525801952580153
1 0.7510896094839609 0.4930264993026499 0.010541608554160859 0.023709902370990223
1 0.6977227161785216 0.4456066945606695 0.010541608554160859 0.023709902370990223
1 0.6822397286145978 0.47838214783821476 0.011200459088795753 0.022315202231520174
1 0.6572034082984658 0.6192468619246863 0.009882758019525824 0.022315202231520174
1 0.6828985791492329 0.6513249651324965 0.008565056950255752 0.019525801952580083
1 0.6996992677824267 0.705020920502092 0.009223907484890787 0.02092050209205027
1 0.6354613406555091 0.5230125523012552 0.009882758019525824 0.022315202231520316
1 0.6545680061599256 0.5062761506276151 0.008565056950255752 0.019525801952580225
1 0.641720420734542 0.4811715481171548 0.011859309623430932 0.025104602510460268
1 0.6598388104370061 0.45397489539748953 0.009882758019525966 0.023709902370990223
1 0.672356970595072 0.39330543933054396 0.009882758019525682 0.022315202231520174
1 0.6664273157833566 0.23988842398884241 0.01383586122733618 0.03068340306834031
1 0.640402719665272 0.2608089260808926 0.013177010692701004 0.02789400278940029
1 0.6292022605764761 0.27057182705718275 0.014494711761971146 0.03068340306834031
1 0.6058130665969316 0.2907949790794979 0.015153562296606254 0.0292887029288703
1 0.5583758281032078 0.3472803347280335 0.01383586122733611 0.03068340306834031
1 0.5363043351929335 0.37238493723849375 0.014494711761971146 0.03068340306834031
1 0.4832668671548117 0.44351464435146437 0.016471263365876326 0.03068340306834024
1 0.505338360065086 0.44769874476987437 0.010541608554160859 0.022315202231520247
1 0.33963745060437006 0.7154811715481171 0.00856505695025561 0.019525801952580225
1 0.3426022780102278 0.7384937238493724 0.007906206415620716 0.015341701534170226
1 0.41244043468154346 0.8082287308228732 0.011859309623430932 0.02092050209205027
1 0.4302293991166899 0.8096234309623432 0.009223907484890645 0.02092050209205027
1 0.45823054683867964 0.8347280334728033 0.011200459088795895 0.023709902370990223
1 0.5069854864016737 0.8870292887029287 0.008565056950255681 0.019525801952580225
1 0.4503243404230591 0.7322175732217573 0.011200459088795967 0.022315202231520174
1 0.5030323831938633 0.7447698744769875 0.015153562296606254 0.03347280334728026
1 0.5395985878661088 0.7594142259414225 0.013177010692701075 0.029288702928870407
1 0.4483477888191538 0.38493723849372385 0.008565056950255681 0.0167364016736402
1 0.41079330834495587 0.37238493723849375 0.009882758019525824 0.022315202231520174
1 0.3640149203858671 0.32357043235704325 0.01383586122733611 0.030683403068340276
1 0.4130992852161785 0.22594142259414227 0.009223907484890716 0.019525801952580225
1 0.45361859309623426 0.14365411436541145 0.008565056950255681 0.019525801952580205
1 0.47008985646211066 0.12552301255230125 0.00856505695025561 0.019525801952580187
1 0.4888670966992097 0.10251046025104603 0.009223907484890787 0.02092050209205022
1 0.5191742212924221 0.08507670850767085 0.010541608554160859 0.02231520223152023
1 0.5547521501627151 0.045327754532775454 0.009223907484890787 0.020920502092050212
1 0.5570581270339378 0.060669456066945605 0.009882758019525895 0.02092050209205022
1 0.584070998953975 0.0299860529986053 0.009882758019525895 0.02092050209205021
1 0.5959303085774059 0.004184100418410042 0.009882758019525824 0.008368200836820085
1 0.6097661698047419 0.009762900976290097 0.009882758019525753 0.019525801952580194
1 0.6483089260808927 0.008368200836820083 0.011859309623431074 0.016736401673640166
1 0.3617089435146444 0.06973500697350069 0.009223907484890716 0.019525801952580198
1 0.308342050209205 0.17433751743375175 0.014494711761971146 0.027894002789400255
1 0.28659998256624825 0.2503486750348675 0.011859309623430932 0.03486750348675034
1 0.36039124244537424 0.9442119944211995 0.021083217108321717 0.04463040446304049
1 0.2622225127847513 0.9644351464435147 0.009223907484890787 0.02092050209205013
1 0.2490455020920502 0.9400278940027894 0.007906206415620644 0.016736401673640273
1 0.2424569967456997 0.9490934449093444 0.009223907484890752 0.018131101813110177
1 0.2105027458158996 0.9937238493723849 0.011200459088795932 0.012552301255230134
1 0.20226711413296145 0.9776847977684798 0.009223907484890752 0.019525801952580225
1 0.17920734542073455 0.894002789400279 0.007906206415620644 0.019525801952580225
1 0.07972091469084147 0.892608089260809 0.007906206415620636 0.019525801952580225
1 0.04974321536494654 0.8960948396094841 0.009882758019525806 0.02092050209205027
1 0.028001147721989774 0.9121338912133891 0.008565056950255693 0.01673640167364013
1 0.026683446652719666 0.7907949790794979 0.008565056950255693 0.022315202231520316
1 0.034589653068340304 0.7970711297071129 0.0072473558809855905 0.023709902370990223
1 0.04018988261273826 0.798465829846583 0.009223907484890747 0.02092050209205013
1 0.05600229544397955 0.4323570432357043 0.01054160855416085 0.022315202231520174
1 0.08367401789865178 0.46792189679218965 0.009223907484890752 0.020920502092050198
1 0.10278068340306834 0.44909344490934444 0.009223907484890735 0.019525801952580153
1 0.10376895920502091 0.3319386331938634 0.009882758019525787 0.022315202231520247
1 0.11991079730357974 0.33054393305439334 0.009223907484890735 0.022315202231520247
1 0.10146298233379823 0.26917712691771273 0.010541608554160859 0.022315202231520212
1 0.1096986140167364 0.2824267782426778 0.008565056950255698 0.023709902370990257
1 0.12880527952115295 0.22315202231520226 0.008565056950255716 0.022315202231520212
1 0.160100679916318 0.24616457461645744 0.009223907484890735 0.023709902370990257
1 0.15614757670850768 0.27894002789400274 0.009223907484890735 0.019525801952580187
1 0.15285332403533242 0.29916317991631797 0.01185930962343095 0.020920502092050198
1 0.20951447001394696 0.29776847977684795 0.010541608554160824 0.023709902370990184
1 0.23685676720130172 0.21617852161785214 0.009882758019525824 0.022315202231520212
1 0.24509239888423992 0.16596931659693165 0.010541608554160895 0.022315202231520247
1 0.26123423698279874 0.06415620641562064 0.009882758019525824 0.02231520223152023
1 0.1722894148070665 0.07740585774058578 0.008565056950255681 0.018131101813110194
1 0.1281464289865179 0.08437935843793584 0.008565056950255698 0.01813110181311017
1 0.11892252150162715 0.1101813110181311 0.008565056950255698 0.019525801952580187
1 0.1627360820548582 0.027196652719665274 0.009223907484890752 0.020920502092050212
