2 0.1449122428894044 0.7113286466321447 0.2898244857788088 0.26917814589254074
2 0.2569970468763194 0.2661317063036668 0.5139940937526388 0.5322634126073336
1 0.7061725298563638 0.2265160506983445 0.010118166605631508 0.021399316083241457
1 0.16626716454823814 0.9389264864853224 0.00926671028137207 0.021259211126998346
1 0.48488224347432457 0.38083084257855565 0.01044015884399414 0.023314756753031973
1 0.39230564435323084 0.2972819402961773 0.007864284515380859 0.01742096115499242
1 0.4866571088548817 0.042915138169698074 0.00930938720703125 0.017633187862846265
1 0.044514576594034835 0.4015835864015556 0.008590269088745116 0.01753078406017434
1 0.7170737584431968 0.4391313277373897 0.012417348225911458 0.027043284760026185
1 0.04468621412913005 0.35114713119961066 0.007367897033691406 0.01650210278562569
1 0.10291623671849567 0.4621812679538916 0.008174951871236165 0.017156094148377207
1 0.7374776840209961 0.42764946749349675 0.0080352783203125 0.01982777857333586
1 0.806385612487793 0.8214759027550476 0.009821701049804687 0.021083777111183852
1 0.7897825876871746 0.5243133242101364 0.0070950826009114586 0.014324823314326074
1 0.394249407450358 0.9450396250732154 0.010596529642740887 0.02306240632752205
1 0.04169689019521078 0.518052812973746 0.009079480171203613 0.019499016438981533
1 0.689724095662435 0.6504146151137852 0.009710439046223958 0.019440067379582416
1 0.8729011535644531 0.29990865587531007 0.009530258178710938 0.019191148919859426
1 0.4649219036102295 0.6090323081221576 0.010837650299072266 0.024656251615042722
1 0.7677334785461426 0.8373246198189429 0.008812522888183594 0.020040257631615214
2 0.8421762837082327 0.8826877064146224 0.31499817110892525 0.08327930655023946
1 0.8478484789530437 0.39952137872428856 0.011035346984863281 0.022259158099762266
1 0.04406989216804504 0.2694273825648601 0.0074314713478088375 0.01620049355705623
1 0.019471947848796845 0.5220640743974814 0.012072685360908508 0.02545125639556918
1 0.3411993980407715 0.9615384977733943 0.007109642028808594 0.01459352604740904
1 0.7483421961466472 0.5086085310055902 0.010308074951171874 0.019443802165879962
1 0.860383415222168 0.048701979228128016 0.008720779418945312 0.019517867015767125
1 0.7148550351460776 0.07006843928596808 0.009215863545735677 0.018883861806715994
1 0.057319996513249656 0.9602510460251046 0.009223907484890744 0.018131101813110177
1 0.07412068514644352 0.9644351464435147 0.005929654811715483 0.012552301255230134
1 0.04974321536494654 0.9916317991631799 0.008565056950255698 0.016736401673640273
1 0.002305976871222687 0.9253835425383542 0.004611953742445374 0.015341701534170226
1 0.32580158937703396 0.9693165969316597 0.008565056950255752 0.016736401673640273
1 0.38147445955369597 0.898186889818689 0.009223907484890787 0.019525801952580083
1 0.4005811250581125 0.8709902370990238 0.009223907484890787 0.018131101813110177
1 0.010871033821478382 0.403068340306834 0.008565056950255693 0.019525801952580225
1 0.04743723849372385 0.3110181311018131 0.006588505346350537 0.01394700139470011
1 0.37356825313807535 0.36192468619246865 0.010541608554160788 0.02370990237099015
1 0.7006875435843792 0.7343096234309624 0.012518160158065967 0.02649930264993017
1 0.6888282339609484 0.8556485355648537 0.009882758019525824 0.02092050209205027
1 0.7527367358205487 0.8465829846582984 0.008565056950255752 0.019525801952580368
1 0.6364496164574617 0.8158995815899581 0.007906206415620716 0.01673640167364013
1 0.7576781148303116 0.4142259414225941 0.009223907484890645 0.019525801952580225
1 0.6993698425151093 0.35704323570432356 0.011200459088795895 0.025104602510460268
1 0.5465165184797769 0.02649930264993026 0.008565056950255681 0.019525801952580194
1 0.5017146821245931 0.023012552301255235 0.008565056950255681 0.018131101813110184
1 0.4783254881450488 0.07601115760111576 0.009223907484890787 0.02092050209205022
