1 0.6088135401407877 0.13583974617450215 0.011571121215820313 0.024899483778510888
1 0.40585783322652186 0.35007351472595954 0.00931100845336914 0.019565737891486357
1 0.8462858200073242 0.9389535384509372 0.008304977416992187 0.01925171302198181
1 0.6588018735249836 0.9310338399901806 0.009196917215983072 0.019557359857359426
1 0.04403026501337687 0.6691783160595541 0.009407901763916015 0.020524972328934674
1 0.2824033896128337 0.30067583481558363 0.010104656219482422 0.023130440002239527
2 0.503254508972168 0.5754789179393879 0.048524856567382806 0.19971854401372702
1 0.44553050994873045 0.33474551435342303 0.0103729248046875 0.022377729153028533
1 0.30780377388000485 0.5898388375783834 0.00657186508178711 0.015483010827246417
1 0.04312903881072998 0.3542098410205778 0.007880592346191406 0.019680405924838065
1 0.25871092478434243 0.0688848590114808 0.014110755920410157 0.03184292676561854
1 0.7800511042277019 0.30517724488246795 0.009131622314453126 0.018992801485408627
1 0.38103839556376135 0.5675564464161126 0.013763904571533203 0.030651189263626654
1 0.33994056383768717 0.6961666893669893 0.015287049611409505 0.030916157210412073
1 0.3355096817016602 0.903569567426957 0.01092529296875 0.022587583766882576
1 0.532259750366211 0.8891561186431918 0.010926055908203124 0.023542074016331307
1 0.7538745244344076 0.9656783569739699 0.008101272583007812 0.018264316277046583
1 0.8158157030741374 0.1166731593627257 0.00836353302001953 0.02019626066466545
1 0.3712754726409912 0.13671169259976657 0.008843517303466797 0.020340167700652903
1 0.051940536499023436 0.43813538472471053 0.010033726692199707 0.020316429937293275
1 0.5117673873901367 0.8499261252541 0.010268974304199218 0.021507523945700113
1 0.914081350962321 0.38427774751068083 0.012416267395019531 0.02908389124086962
1 0.24069461822509766 0.4692041298257476 0.009543037414550782 0.019610252506546307
1 0.5962636947631836 0.9157696001584895 0.010265350341796875 0.02082637967716373
1 0.04435484409332276 0.7444456998410799 0.010091280937194825 0.020718239108151876
1 0.3425182819366455 0.3475367200151168 0.008705997467041015 0.017900494256908078
1 0.018508563439051308 0.7674332422090339 0.010039134820302326 0.022455554024255787
1 0.689742120107015 0.929931472391383 0.009600257873535157 0.019943153187878995
1 0.1944063425064087 0.8882535116412279 0.008329820632934571 0.01812966208999449
1 0.0409814715385437 0.5248441012717923 0.011339235305786132 0.025725208017502756
1 0.7553850173950195 0.22584850811774307 0.009689712524414062 0.02039248835554196
1 0.26710161368052165 0.24456097351545275 0.009215211868286133 0.01944319652485874
1 0.03276089032491048 0.2300536167266745 0.01095093886057536 0.02310459931866731
1 0.4979406356811523 0.3891199988856206 0.01080493927001953 0.023364318376602123
1 0.3887020428975423 0.9097105318551025 0.011252021789550782 0.02458841982066566
1 0.18287038935001154 0.8671516956628629 0.009409475326538085 0.020971329761576625
1 0.6170611381530763 0.029142889718893738 0.008794212341308593 0.018840316637874045
1 0.3685529867808024 0.846660576161108 0.010207017262776695 0.02341771572664002
1 0.09389046430587769 0.6100941650659799 0.009427762031555176 0.02082799471988699
1 0.8484245300292969 0.27270490989138296 0.01063232421875 0.020754914036659317
1 0.21341028213500976 0.11035576834042515 0.010443878173828126 0.02135101621179886
1 0.12313990592956543 0.9358766801827798 0.010370731353759766 0.02003581626412624
1 0.9427947044372559 0.4471739376787314 0.014240455627441407 0.03042679926526323
1 0.42420368194580077 0.029129123477452116 0.012111091613769531 0.025284708269112954
1 0.7554526646931967 0.2436654827954882 0.008580525716145834 0.016227545522670892
1 0.7008602142333984 0.8891394635151083 0.01352081298828125 0.03103001772240215
1 0.31088441212972007 0.23759761587393194 0.012119483947753907 0.025913461434933158
1 0.8660590277777778 0.23919107391910738 0.011200459088795895 0.023709902370990223
1 0.7771142056020456 0.18270571827057183 0.009882758019525682 0.022315202231520212
1 0.8439875348675036 0.0509065550906555 0.007906206415620716 0.018131101813110177
1 0.5198330718270572 0.4672245467224546 0.007906206415620573 0.0167364016736402
1 0.5389397373314737 0.5488145048814504 0.010541608554160859 0.023709902370990223
1 0.5257627266387727 0.5578800557880056 0.007906206415620573 0.022315202231520316
1 0.5363043351929335 0.602510460251046 0.006588505346350573 0.0167364016736402
1 0.5020441073919107 0.7350069735006973 0.009223907484890787 0.019525801952580083
1 0.6124015719432822 0.9672245467224547 0.013835861227336039 0.029288702928870265
1 0.7869969636215715 0.9735006973500697 0.00856505695025561 0.019525801952580083
1 0.9345794833798233 0.8877266387726638 0.009882758019525682 0.023709902370990223
1 0.4154052620874012 0.4483960948396095 0.008565056950255681 0.018131101813110177
1 0.375215379474663 0.20641562064156208 0.009882758019525753 0.022315202231520247
1 0.2365273419339842 0.13458856345885634 0.007906206415620644 0.018131101813110177
1 0.24641009995351 0.13179916317991633 0.007906206415620681 0.018131101813110194
1 0.15054734716410972 0.040446304044630406 0.009882758019525806 0.02231520223152023
1 0.08103861576011157 0.022315202231520222 0.009223907484890744 0.019525801952580198
1 0.04842551429567643 0.10669456066945607 0.008565056950255698 0.018131101813110177
1 0.053037468038121795 0.0034867503486750344 0.007247355880985582 0.006973500697350069
1 0.1096986140167364 0.7105997210599722 0.009882758019525806 0.02092050209205013
1 0.12419332577870758 0.7824267782426779 0.008565056950255698 0.019525801952580225
1 0.10146298233379823 0.9735006973500697 0.01185930962343095 0.025104602510460268
1 0.19897286145978613 0.9532775453277545 0.009223907484890752 0.018131101813110177
