2 0.2560266911069045 0.7293959131495538 0.30170961466017315 0.541208173700888
0 0.07550321420033773 0.1635578538249057 0.15100642840067546 0.319265237322453
2 0.46652943692280424 0.4665088232892424 0.09285399518086118 0.12837693241776457
1 0.03586641963693782 0.6644054368547448 0.009356457296592478 0.021456925222615553
1 0.06841909398133246 0.5897188317529483 0.008966604909234448 0.01898112615846756
1 0.5366318111983142 0.46757941125498254 0.012085424008098613 0.025583256996195586
1 0.5553447257914992 0.3424855372071336 0.011305719233382519 0.023107457932047524
1 0.5970589312388073 0.24345357464121542 0.011305719233382519 0.02475799064147953
1 0.762384969905287 0.14359634572058128 0.014424538332246755 0.029709588769775443
1 0.7980564633485457 0.02888432241505946 0.015594095494320755 0.03466118689807135
1 0.8688146716540263 0.22942404661104368 0.011305719233382519 0.024757990641479495
1 0.9037064603225693 0.17784489944129464 0.010915866846024613 0.023932724286763546
1 0.9660828422998523 0.38581202082972266 0.011695571620740565 0.025583256996195517
1 0.941132289508939 0.42253637361458407 0.010915866846024613 0.023107457932047593
1 0.8931804458639028 0.5327094319691681 0.012475276395456803 0.02723378970562749
1 0.8504916094481995 0.6243139973426424 0.01364483355753066 0.02888432241505946
1 0.9493191896434575 0.5735601165276093 0.015594095494320897 0.03136012147920731
1 0.857314026226965 0.9471829532981769 0.013254981170172613 0.028059056060343437
2 0.9520481563549638 0.9698777780528666 0.06783431540029554 0.060244443894266905
