1 0.11793424569967456 0.8333333333333335 0.007906206415620627 0.015341701534170084
1 0.11266344142259413 0.5641562064156207 0.006588505346350519 0.018131101813110177
1 0.17887792015341702 0.5139470013947001 0.009882758019525787 0.018131101813110177
1 0.014494711761971178 0.062064156206415616 0.018447814969781498 0.04323570432357043
1 0.020753791841004184 0.1324965132496513 0.016471263365876333 0.03347280334728033
1 0.028989423523942355 0.11157601115760113 0.015812412831241286 0.03347280334728035
1 0.03590735413761041 0.13598326359832635 0.02833057298930729 0.0655509065550907
1 0.04513126162250116 0.08228730822873082 0.03096597512784751 0.05857740585774059
1 0.036566204672245466 0.07461645746164575 0.01778896443514644 0.037656903765690364
1 0.04809608902835891 0.03347280334728033 0.021083217108321707 0.044630404463040445
1 0.059625973384472335 0.0509065550906555 0.021742067642956754 0.04323570432357043
1 0.10376895920502094 0.027196652719665274 0.016471263365876343 0.03765690376569038
1 0.07939148942352395 0.045327754532775454 0.016471263365876333 0.03765690376569038
1 0.09092137377963738 0.05230125523012553 0.01581241283124129 0.03486750348675035
1 0.05797884704788471 0.1304044630404463 0.018447814969781495 0.037656903765690364
1 0.06588505346350534 0.10251046025104603 0.018447814969781505 0.057182705718270575
1 0.07445011041376104 0.08437935843793584 0.021083217108321707 0.051603905160390505
1 0.1096986140167364 0.12761506276150628 0.015153562296606218 0.03486750348675034
1 0.0998158559972106 0.11157601115760113 0.017788964435146434 0.039051603905160395
1 0.08993309797768478 0.09623430962343096 0.016471263365876343 0.03626220362622037
1 0.0876271211064621 0.12273361227336124 0.0184478149697815 0.044630404463040424
1 0.1416528649465365 0.009762900976290097 0.009223907484890735 0.016736401673640166
1 0.061273099721059966 0.21617852161785214 0.018447814969781488 0.03905160390516041
1 0.07708551255230127 0.20502092050209206 0.018447814969781505 0.039051603905160374
1 0.0876271211064621 0.18131101813110181 0.02635402138540215 0.05578800557880052
1 0.11595769409576942 0.18967921896792192 0.03689562993956299 0.06694560669456068
1 0.13769976173872617 0.201534170153417 0.022400918177591808 0.04602510460251047
1 0.11035746455137145 0.2315202231520223 0.025695170850767078 0.047419804741980515
1 0.11068688981868899 0.2775453277545328 0.019765516039051613 0.044630404463040424
1 0.12979355532310552 0.30055788005578804 0.01581241283124127 0.03486750348675034
1 0.13835861227336121 0.25592747559274753 0.015812412831241254 0.03486750348675031
1 0.123205049976755 0.25592747559274753 0.0144947117619712 0.040446304044630385
1 0.16075953045095304 0.23988842398884241 0.01581241283124127 0.03347280334728033
1 0.15746527777777777 0.31171548117154807 0.019765516039051592 0.043235704323570406
1 0.17163056427243142 0.35006973500697347 0.01647126336587636 0.03626220362622035
1 0.16833631159925616 0.32357043235704325 0.016471263365876326 0.041841004184100396
1 0.18810182763830777 0.2524407252440725 0.016471263365876326 0.03626220362622035
1 0.19831401092515108 0.2663877266387727 0.019765516039051613 0.03626220362622039
1 0.172618840074384 0.27754532775453267 0.026354021385402115 0.06415620641562057
1 0.18447814969781498 0.3179916317991632 0.017130113900511397 0.039051603905160374
1 0.196996309855881 0.3709902370990237 0.017130113900511397 0.03068340306834031
1 0.19930228672710368 0.39330543933054396 0.01910666550441654 0.03905160390516045
1 0.18447814969781498 0.401673640167364 0.019765516039051613 0.039051603905160374
1 0.1894195287075779 0.41352859135285913 0.011200459088795932 0.023709902370990223
1 0.18184274755927476 0.44281729428172945 0.021083217108321717 0.04323570432357045
1 0.23850389353788934 0.36122733612273367 0.019765516039051613 0.04184100418410047
1 0.21182044688516968 0.3214783821478382 0.019106665504416576 0.03765690376569033
1 0.2174206764295676 0.2949790794979079 0.017130113900511397 0.037656903765690364
1 0.2599165359135286 0.08437935843793584 0.011200459088795895 0.023709902370990247
1 0.25892826011157605 0.022315202231520222 0.018447814969781505 0.03905160390516039
1 0.26749331706183216 0.016039051603905147 0.018447814969781554 0.03207810320781029
1 0.30504779753602973 0.029288702928870293 0.019765516039051575 0.04184100418410042
1 0.2922002121106462 0.04951185495118549 0.023059768712226862 0.04881450488145049
1 0.2790232014179452 0.060669456066945605 0.01910666550441661 0.03486750348675034
1 0.27507009821013484 0.101813110181311 0.016471263365876326 0.039051603905160395
1 0.29417676371455137 0.07601115760111576 0.02042436657368661 0.040446304044630406
1 0.3412845769409577 0.07112970711297072 0.018447814969781505 0.03905160390516039
1 0.3587441161087866 0.09902370990237098 0.01910666550441661 0.0390516039051604
1 0.3254721641097164 0.10251046025104602 0.019765516039051648 0.046025104602510455
1 0.34391997907949784 0.1192468619246862 0.018447814969781505 0.037656903765690385
1 0.3132834292189679 0.18270571827057183 0.027012871920037148 0.05578800557880058
1 0.32975469258484424 0.19456066945606693 0.009882758019525753 0.023709902370990257
1 0.32975469258484424 0.24825662482566246 0.01910666550441654 0.039051603905160374
1 0.3630266445839145 0.21199442119944212 0.014494711761971217 0.03347280334728033
1 0.36730917305904226 0.22454672245467225 0.01778896443514647 0.03626220362622035
1 0.3646737709205021 0.25313807531380755 0.01910666550441654 0.03486750348675031
1 0.3719211268014877 0.2712691771269177 0.020424366573686684 0.037656903765690364
1 0.3702740004648999 0.29009762900976305 0.015812412831241178 0.03347280334728037
1 0.3798273332171083 0.3040446304044631 0.017788964435146395 0.04184100418410044
1 0.38542756276150625 0.3382147838214784 0.018447814969781505 0.0376569037656904
1 0.337660899000465 0.3054393305439331 0.01910666550441654 0.03626220362622039
1 0.3429317032775454 0.3242677824267783 0.01778896443514647 0.04323570432357045
1 0.27375239714086474 0.32357043235704325 0.01778896443514647 0.03626220362622035
1 0.28528228149697815 0.32078103207810316 0.01713011390051128 0.03905160390516036
1 0.30438894700139474 0.34170153417015336 0.017130113900511362 0.039051603905160374
1 0.3057066480706648 0.38702928870292885 0.021083217108321683 0.04323570432357045
1 0.32382503777312877 0.3675034867503487 0.015153562296606254 0.03486750348675031
1 0.33963745060437006 0.3716875871687587 0.016471263365876326 0.040446304044630496
1 0.33469607159460724 0.3758716875871687 0.022400918177591864 0.04323570432357037
1 0.35709698977219895 0.3821478382147838 0.017130113900511362 0.03626220362622035
1 0.2441041230822873 0.40794979079497906 0.01910666550441654 0.032078103207810287
1 0.2365273419339842 0.4532775453277545 0.01581241283124129 0.0334728033472804
1 0.23422136506276153 0.4909344490934449 0.017788964435146434 0.03347280334728026
1 0.24377469781496977 0.4721059972105997 0.015812412831241254 0.03486750348675031
1 0.2378450430032543 0.47350069735006967 0.02767172245467222 0.0627615062761506
1 0.2674933170618317 0.45258019525801957 0.021083217108321714 0.0376569037656904
1 0.25201032949790797 0.4330543933054393 0.01778896443514647 0.0376569037656904
1 0.23125653765690377 0.5453277545327755 0.011859309623430932 0.02789400278940022
1 0.2734229718735472 0.6164574616457462 0.013177010692701038 0.02789400278940022
1 0.28692940783356574 0.6506276150627615 0.011200459088795895 0.023709902370990223
1 0.28627055729893075 0.7001394700139469 0.009882758019525824 0.022315202231520174
1 0.2849528562296606 0.7587168758716877 0.009882758019525824 0.022315202231520316
1 0.28462343096234316 0.813807531380753 0.007906206415620681 0.018131101813110177
1 0.30405952173407713 0.8661087866108786 0.011200459088795895 0.025104602510460268
1 0.25332803056717806 0.5034867503486751 0.020424366573686646 0.047419804741980584
1 0.2641990643886565 0.5139470013947001 0.014494711761971217 0.03765690376569026
1 0.24970435262668528 0.5195258019525802 0.009223907484890787 0.020920502092050198
1 0.2559634327057183 0.5704323570432358 0.020424366573686684 0.044630404463040424
1 0.2869294078335658 0.5160390516039052 0.01910666550441654 0.041841004184100396
1 0.27408182240818224 0.5446304044630405 0.02240091817759179 0.04881450488145056
1 0.277705500348675 0.5564853556485356 0.01647126336587636 0.03347280334728033
1 0.2823174540911204 0.5376569037656904 0.01647126336587636 0.03486750348675038
1 0.28857653417015344 0.5920502092050209 0.01581241283124129 0.03486750348675038
1 0.2991181427243143 0.600418410041841 0.017130113900511362 0.03765690376569026
1 0.31394227975360284 0.5843793584379359 0.0177889644351465 0.036262203626220284
1 0.3353549221292422 0.6185495118549512 0.017130113900511362 0.037656903765690475
1 0.3188836587633659 0.6157601115760112 0.019765516039051613 0.04044630404463035
1 0.3346960715946071 0.5648535564853557 0.017130113900511362 0.039051603905160374
1 0.30438894700139474 0.5216178521617851 0.01581241283124129 0.03347280334728033
1 0.30109469432821945 0.5376569037656904 0.019765516039051613 0.03486750348675038
1 0.32415446304044626 0.5237099023709902 0.017130113900511397 0.04044630404463043
1 0.3155894060901906 0.5404463040446303 0.01581241283124129 0.03486750348675038
1 0.30504779753602973 0.5334728033472803 0.02635402138540215 0.057182705718270554
1 0.3402963011390051 0.4735006973500698 0.016471263365876326 0.03486750348675031
1 0.3505084844258484 0.4616457461645746 0.017130113900511362 0.03626220362622035
1 0.3544615876336588 0.4281729428172943 0.018447814969781432 0.03347280334728033
1 0.3643443456531845 0.407252440725244 0.017130113900511362 0.039051603905160374
1 0.36170894351464433 0.4205020920502091 0.03162482566248243 0.06834030683403075
1 0.37356825313807535 0.41073919107391915 0.01581241283124129 0.03765690376569033
1 0.3906983670385867 0.4225941422594142 0.01713011390051143 0.039051603905160374
1 0.3801567584844258 0.47210599721059976 0.019765516039051575 0.03765690376569033
1 0.36796802359367736 0.47071129707112974 0.016471263365876326 0.03486750348675031
1 0.3630266445839145 0.5111576011157601 0.018447814969781505 0.04044630404463043
1 0.34556710541608554 0.5118549511854951 0.01910666550441654 0.030683403068340383
1 0.3458965306834031 0.5355648535564853 0.01713011390051143 0.03626220362622035
1 0.3725799773361227 0.5453277545327754 0.01778896443514647 0.03347280334728033
1 0.36105009298000934 0.5725244072524407 0.018447814969781498 0.04323570432357056
1 0.3594029666434217 0.5446304044630405 0.02305976871222683 0.04044630404463043
1 0.3498496338912133 0.894700139470014 0.013177010692701075 0.032078103207810356
1 0.36566204672245467 0.9288702928870294 0.009223907484890787 0.019525801952580225
1 0.3788390574151558 0.8709902370990238 0.013177010692701146 0.029288702928870265
1 0.3933337691771269 0.8842398884239887 0.009223907484890787 0.022315202231520316
1 0.4180406642259414 0.8849372384937239 0.012518160158065967 0.026499302649930313
1 0.42825284751278475 0.9581589958158995 0.006588505346350573 0.013947001394700039
1 0.43418250232450023 0.990934449093445 0.011859309623431003 0.018131101813110177
1 0.45855997210599725 0.9783821478382149 0.007906206415620644 0.018131101813110177
1 0.4671250290562529 0.992329149232915 0.009223907484890787 0.015341701534170084
1 0.5043500842631334 0.992329149232915 0.012518160158066038 0.015341701534170084
1 0.47700778707577873 0.7726638772663879 0.010541608554160859 0.022315202231520316
1 0.5712234135285914 0.8654114365411436 0.013177010692701075 0.029288702928870407
1 0.5731999651324966 0.9372384937238494 0.010541608554160859 0.022315202231520316
1 0.5998834117852161 0.910739191073919 0.008565056950255681 0.019525801952580225
1 0.6252491573686657 0.883542538354254 0.007906206415620716 0.018131101813110177
1 0.6420498460018597 0.8549511854951186 0.008565056950255681 0.01673640167364013
1 0.6634624883774989 0.8082287308228732 0.0065885053463503596 0.018131101813110177
1 0.6677450168526267 0.7510460251046024 0.008565056950255752 0.02092050209205027
1 0.7408774261971177 0.7126917712691773 0.008565056950255752 0.01673640167364013
1 0.764266620176662 0.8242677824267781 0.009223907484890787 0.022315202231520316
1 0.7751376539981405 0.9721059972105996 0.00856505695025561 0.019525801952580225
1 0.813021559739656 0.9553695955369595 0.009223907484890787 0.019525801952580083
1 0.9085548872617386 0.9365411436541143 0.007906206415620573 0.018131101813110177
1 0.9862992503486749 0.9895397489539749 0.010541608554160859 0.01813110181311032
1 0.9592863784286378 0.8814504881450488 0.011859309623430932 0.025104602510460268
1 0.9319440812412831 0.7475592747559275 0.011200459088796038 0.02510460251046041
1 0.937544310785681 0.6436541143654114 0.007906206415620716 0.018131101813110177
1 0.9760870670618317 0.6269177126917714 0.009882758019525682 0.020920502092050198
1 0.9987498547187355 0.6569037656903766 0.0025002905625291305 0.022315202231520316
1 0.9777341933984194 0.49442119944211993 0.013177010692701004 0.032078103207810356
1 0.9470976435378894 0.301255230125523 0.009882758019525682 0.022315202231520247
1 0.8202689156206415 0.3319386331938633 0.007906206415620573 0.01673640167364013
1 0.7435128283356579 0.3298465829846583 0.009882758019525824 0.020920502092050198
1 0.7589958158995816 0.2615062761506276 0.009223907484890787 0.018131101813110177
1 0.7395597251278475 0.201534170153417 0.011200459088796038 0.02649930264993028
1 0.7846909867503488 0.14504881450488147 0.010541608554160859 0.02231520223152023
1 0.7843615614830313 0.06415620641562064 0.009882758019525824 0.019525801952580187
1 0.7234178870292887 0.008368200836820083 0.010541608554160859 0.016736401673640166
1 0.6716981200604369 0.23012552301255226 0.009882758019525966 0.019525801952580187
1 0.6183312267549976 0.2629009762900976 0.008565056950255681 0.018131101813110177
1 0.603507089725709 0.3131101813110181 0.009223907484890787 0.018131101813110142
1 0.5550815754300326 0.3410041841004184 0.008565056950255752 0.01813110181311025
1 0.5656231839841933 0.4790794979079498 0.011200459088795967 0.023709902370990223
1 0.5870358263598326 0.43096234309623427 0.009223907484890787 0.019525801952580153
1 0.61668410041841 0.5557880055788006 0.009223907484890716 0.020920502092050198
1 0.6799337517433751 0.6283124128312413 0.010541608554160859 0.020920502092050198
1 0.6819103033472804 0.5571827057182707 0.007906206415620716 0.018131101813110177
1 0.7161705311483031 0.5425383542538355 0.006588505346350644 0.0167364016736402
1 0.7257238639005115 0.4741980474198047 0.008565056950255752 0.019525801952580153
1 0.6799337517433753 0.4295676429567643 0.009223907484890645 0.019525801952580225
1 0.683557429683868 0.35913528591352856 0.009882758019525824 0.020920502092050198
1 0.6427086965364947 0.3242677824267782 0.008565056950255752 0.018131101813110142
2 0.4480183635518362 0.2656903765690376 0.13177010692701055 0.5313807531380752
2 0.09948643072989309 0.8389121338912134 0.19897286145978618 0.3221757322175731
