2 0.3260296185811358 0.6819933810726974 0.6520592371622717 0.5168785545750099
2 0.5059297672929675 0.244060231375071 0.050189687373305404 0.18170668438165744
2 0.4818817227787886 0.3214660891156569 0.123322096717795 0.42577920878891024
1 0.007797047747160395 0.9793683411321001 0.009356457296592473 0.019806392513183512
1 0.0157890216879998 0.9273765607849933 0.008966604909234456 0.019806392513183512
1 0.025340405178271286 0.887351142581268 0.009356457296592473 0.020631658867899604
1 0.021441881304691088 0.8555783879247025 0.008576752521876436 0.021456925222615553
1 0.04210405783466613 0.8477383575549007 0.007797047747160395 0.01898112615846756
1 0.042883762609382176 0.8246308996228532 0.011695571620740587 0.025583256996195586
1 0.08849649193027048 0.8077129393511755 0.010136162071308501 0.021456925222615553
1 0.09122545864177663 0.887351142581268 0.009356457296592478 0.022282191577331502
1 0.10253117787515918 0.9818441401962482 0.008576752521876419 0.019806392513183512
1 0.15750036449264 0.9785430747773843 0.008576752521876419 0.019806392513183654
1 0.2229955655687873 0.7330263342493788 0.0077970477471603775 0.015680060739603617
1 0.23235202286537976 0.7334389674267371 0.0077970477471603775 0.019806392513183512
1 0.2292332037665156 0.7454053295701187 0.008576752521876436 0.017330593449035803
1 0.25808228043100906 0.7111567758494054 0.008576752521876401 0.019806392513183654
1 0.2836176118029594 0.7383905655550328 0.00974630968395047 0.021456925222615553
1 0.3290354149301687 0.7425168973286128 0.009356457296592425 0.019806392513183512
1 0.3440447318434525 0.6954767151098017 0.01130571923338259 0.026408523350911536
1 0.42961733086853776 0.785843380951202 0.009356457296592567 0.020631658867899604
1 0.44755054068700667 0.7548958926493526 0.010136162071308519 0.02145692522261541
1 0.3561301558515511 0.9764799088905943 0.009746309683950542 0.022282191577331502
1 0.5799054261950544 0.9905094369207661 0.009746309683950542 0.0189811261584677
1 0.7134584952918555 0.8473257243775427 0.011695571620740565 0.024757990641479495
1 0.742502498150028 0.8799237453888241 0.010526014458666567 0.023932724286763546
1 0.7717414272018794 0.9917473364528402 0.00974630968395047 0.016505327094319712
1 0.8150150421986198 0.9215996963019814 0.01208542400809847 0.026408523350911393
1 0.8364569235033108 0.9612124813283487 0.008966604909234519 0.019806392513183512
1 0.7781739915932867 0.8151403365436195 0.012475276395456661 0.028059056060343295
1 0.7988361681232619 0.7800665164681899 0.014814390719604944 0.03053485512449143
1 0.8245664256888913 0.7945086776757198 0.009356457296592425 0.019806392513183654
1 0.703907111801584 0.7202347057512811 0.014424538332246613 0.03136012147920752
1 0.7742754677197067 0.7251863038795769 0.011695571620740707 0.024757990641479495
1 0.8054636587083484 0.732613701072021 0.010136162071308377 0.021456925222615553
1 0.8056585849020271 0.6835103529664198 0.0159839478816788 0.03383592054335551
1 0.8931804458639028 0.7470558622795506 0.007797047747160519 0.01733059344903566
1 0.8859681766977794 0.6946514487550857 0.008186900134518282 0.01815585980375161
1 0.857314026226965 0.6661797595173842 0.013254981170172613 0.02723378970562749
1 0.8179389351038049 0.6034595165589693 0.012475276395456661 0.027233789705627415
1 0.762969748486324 0.5886047221740817 0.01091586684602447 0.022282191577331644
1 0.9916181736718025 0.6822724534343458 0.00974630968395047 0.021456925222615553
1 0.9290468655008405 0.6228532758947949 0.007797047747160235 0.016505327094319712
1 0.8682298930729894 0.5857162899325756 0.010915866846024613 0.023107457932047593
1 0.8401605211832119 0.5498172035024302 0.010915866846024613 0.022282191577331575
1 0.7809029583047931 0.5093791521213471 0.009356457296592425 0.018981126158467632
1 0.7541980697707686 0.45367367317801816 0.012865128782814565 0.026408523350911536
1 0.7062462261257322 0.36867123864227175 0.00974630968395047 0.019806392513183512
1 0.7290525907861763 0.28820776905746326 0.010136162071308519 0.020631658867899638
1 0.9132578438128407 0.43840624561577246 0.010526014458666567 0.022282191577331432
1 0.9403525847342231 0.3136012147920741 0.013254981170172613 0.028059056060343403
1 0.9744646686280497 0.3437234367392075 0.00974630968395047 0.022282191577331575
1 0.9962964023200988 0.21539451858087194 0.0074071953598023295 0.028059056060343437
1 0.9953217713517037 0.14194581301114934 0.009356457296592425 0.024757990641479547
1 0.9489293372560995 0.05900654436219289 0.008576752521876473 0.018981126158467632
1 0.7015679974774359 0.045802282686737146 0.009746309683950188 0.02063165886789961
1 0.6152156936776346 0.007014764015085868 0.011695571620740636 0.014029528030171736
1 0.603715048250573 0.21580715175822993 0.012085424008098613 0.025583256996195517
1 0.5943585909539805 0.2587210022034611 0.015204243106962778 0.0321853878339234
1 0.6124867269661284 0.3284560091769618 0.009356457296592425 0.021456925222615587
1 0.5791543478470177 0.15432480833188908 0.005068081035654188 0.01155372896602378
1 0.565899366676845 0.4340901025806079 0.012865128782814565 0.023107457932047593
1 0.5510849759572403 0.4555470278032234 0.00974630968395047 0.021456925222615553
1 0.48519992249373495 0.43120167033910195 0.011305719233382519 0.023932724286763473
1 0.4105145638879948 0.09160456537347426 0.008576752521876401 0.019806392513183616
1 0.3171449171157491 0.23313774520726557 0.011305719233382553 0.023932724286763546
1 0.33624768409629197 0.24716727323743737 0.008186900134518353 0.01733059344903566
1 0.3241622600881935 0.3622919297203172 0.01130571923338259 0.024757990641479637
1 0.3085681645938727 0.4353280021126818 0.01052601445866653 0.022282191577331575
1 0.2945334786489839 0.478654485735271 0.00974630968395047 0.019806392513183654
1 0.28615165232078654 0.5364231305653899 0.01247527639545659 0.028059056060343437
1 0.3007711168467122 0.532709431969168 0.00974630968395047 0.020631658867899604
1 0.26042139475515724 0.3936520511995246 0.010136162071308448 0.023107457932047524
1 0.23936936583782412 0.36559299513918103 0.00935645729659246 0.01980639251318358
1 0.25827720662468806 0.15226164244509913 0.015983947881678836 0.03383592054335535
1 0.26958292585807064 0.16257747187904895 0.008966604909234484 0.019806392513183654
1 0.2578873542373301 0.08458980135838841 0.01052601445866653 0.02393272428676358
1 0.10896374226656651 0.09779406303384416 0.00974630968395049 0.02063165886789962
1 0.09356457296592474 0.06189497660369883 0.011695571620740584 0.02475799064147953
1 0.5588533972777213 0.6682429254041742 0.011305719233382519 0.023107457932047593
1 0.045359325269105605 0.48331724063941633 0.011656586382004787 0.024675464006007956
1 0.051441022511890706 0.565389979615921 0.009629353967743092 0.021456925222615553
1 0.046372941476236454 0.3620856131316383 0.012670202589135648 0.026821156528269583
1 0.06436462915280908 0.015556270786396306 0.011149778278439361 0.022529771483746373
