2 0.5981600125630695 0.5296976270912331 0.22155081431070958 0.11238597798373769
2 0.6352983762695861 0.7458830913373888 0.4817928334160328 0.5082338173252223
1 0.33572724660237624 0.16158966771034314 0.01705589294433594 0.03784388297185088
1 0.35030274391174315 0.05170371067169088 0.01944761276245117 0.04042724054204064
1 0.37152279218037926 0.6953818795436536 0.01007986068725586 0.022004957104465272
1 0.619011116027832 0.118547921143924 0.00957794189453125 0.020971228821406424
1 0.11676941712697347 0.9043739596433125 0.008921098709106446 0.018683016103052646
1 0.9303515434265137 0.30685830247704493 0.014661598205566406 0.03287530497390091
1 0.4316143035888672 0.27913187146843993 0.017974281311035158 0.0386937992049683
1 0.4165976524353027 0.3131741793967923 0.022109031677246094 0.041861907386990076
1 0.9216419219970703 0.6449087662365629 0.0095672607421875 0.02121277864870452
1 0.7039877891540527 0.6114007346291 0.010487937927246093 0.023272361881546307
1 0.57532164255778 0.2977887356557289 0.017369842529296874 0.039175233346756135
1 0.5469389915466308 0.3005842820812087 0.020484352111816408 0.0517909881692737
1 0.7565879503885905 0.4310883645054524 0.00852375030517578 0.018708150205433434
1 0.4575737476348877 0.32425165649548654 0.017832469940185548 0.0406266015840339
1 0.35383556683858236 0.1974817883744918 0.020011488596598306 0.034760463592630235
1 0.955072021484375 0.1728349662536823 0.010916900634765626 0.023859446734814292
1 0.5955594380696615 0.3008332678343784 0.018424479166666667 0.04087424146826764
1 0.6531023025512696 0.34324028578719334 0.02091560363769531 0.043425268743109154
1 0.3163756211598714 0.6682630242428681 0.009374650319417317 0.019956006236218304
1 0.14277273019154865 0.8762505814153805 0.01037147839864095 0.02141344770707001
1 0.6300829251607258 0.3649360967970473 0.01915111541748047 0.0414022258518812
1 0.45388479232788087 0.2692330895605792 0.017352294921875 0.03921454954305058
1 0.05744453072547913 0.07038346093965339 0.009342014789581299 0.020798166899591717
1 0.941325569152832 0.8034506800944908 0.014308547973632813 0.030582516301164552
1 0.20418979326883954 0.8095347142666415 0.008363819122314453 0.01974026344576902
1 0.8221181551615397 0.05314643800981515 0.01161022186279297 0.02446931041982497
1 0.6729879379272461 0.3760313898357824 0.019567489624023438 0.04182243978044033
1 0.8953572273254394 0.4777491526409179 0.010521507263183594 0.02247513641727536
1 0.5912358601888021 0.3412958752885543 0.020738983154296876 0.04168021508062293
1 0.10975823402404786 0.09396635263731094 0.013859128952026368 0.030751094797086032
2 0.6269800431337089 0.14312474684102056 0.24313470786363744 0.2862494936820411
1 0.1563403844833374 0.9152905044639781 0.01257777214050293 0.026616509720403806
1 0.8299074172973633 0.3489948512437982 0.009488677978515625 0.019648273303989803
1 0.35763820012410474 0.5467171968672477 0.009903907775878906 0.021786724456484288
1 0.37674420674641923 0.2664770528000534 0.016243171691894532 0.04064648679756409
1 0.16109468142191566 0.8360436217656079 0.008891582489013672 0.019435424131753032
1 0.47989354133605955 0.46372186730162973 0.007522106170654297 0.01684469372329796
1 0.41428232192993164 0.19498861664053888 0.010577392578125 0.023020415216717202
1 0.10307716925938924 0.3232308653775754 0.009121537208557129 0.01913835721084275
1 0.3541567325592041 0.12441012246868972 0.017592525482177733 0.0386656368974814
1 0.9321039199829102 0.48260699927215406 0.0100189208984375 0.021860814541414003
1 0.6074773788452148 0.3394862030937758 0.017555618286132814 0.03763523964003928
1 0.15943738619486492 0.4894358709602398 0.009451007843017578 0.021072875572801818
1 0.6987778345743814 0.38756267711635195 0.019359588623046875 0.04615455635853087
1 0.5201575279235839 0.2889243297303524 0.017621231079101563 0.03558635606523911
1 0.25953812599182124 0.9497652400814843 0.009674263000488282 0.021976693856808158
1 0.34259060223897303 0.14898587009215433 0.018367544809977213 0.03385991745247468
1 0.2208028793334961 0.17907351459137266 0.009799003601074219 0.023606776665432053
1 0.39251370429992677 0.2746630061947656 0.01820535659790039 0.0400797918586773
1 0.46968708038330076 0.2733739413394949 0.015816307067871092 0.03933678808916759
1 0.9100734710693359 0.16498889523540863 0.011038589477539062 0.024278836318650084
1 0.5161147912343343 0.27874460609377155 0.02290487289428711 0.05193975715679265
1 0.3347277959187826 0.014367801746170734 0.01750049591064453 0.028735603492341468
1 0.37887733777364097 0.2598831361814791 0.01641569137573242 0.03373380112148567
1 0.2835321267445882 0.9888445970899085 0.008069515228271484 0.018920427383372383
1 0.48873022397359217 0.324749745765358 0.014083003997802735 0.03112379114052164
1 0.3903558413187663 0.2308734359657094 0.01911773681640625 0.042590190715011716
1 0.13092798789342244 0.04940882538750259 0.013376180330912273 0.030173918903859738
1 0.19607327779134118 0.8478776454399808 0.010105069478352864 0.021574548218715545
1 0.3347127437591553 0.11158632995538176 0.019268321990966796 0.04149049803072457
1 0.24586153030395508 0.29037716160009813 0.011583232879638672 0.02457963802585791
1 0.6855544090270996 0.7775075758962412 0.010582923889160156 0.023563271452074142
1 0.3880406220753988 0.22899228130706484 0.01717824935913086 0.0352503262386301
1 0.5047669728597005 0.3262070358259544 0.016603851318359376 0.03463095735425854
1 0.06616719762484233 0.957167653816669 0.009957500298817952 0.02093862514643054
1 0.8641374588012696 0.5706368880603122 0.009438323974609374 0.021786724456484288
1 0.10869212945302323 0.9442967607944801 0.012495136260986327 0.027501058239662802
1 0.08417161305745441 0.21496253975696838 0.00930790901184082 0.019977472845748346
1 0.3247998078664143 0.04449938571177087 0.018251895904541016 0.040062497442849024
1 0.43550586700439453 0.32709954881089787 0.016959190368652344 0.03887205954554851
1 0.3362833182017008 0.0989271077720701 0.021152973175048828 0.046475403101205036
1 0.3647454261779785 0.21713080190639641 0.018962860107421875 0.038122679721954246
1 0.5028266906738281 0.30531724889854084 0.017746925354003906 0.03749695160685984
1 0.2610724925994873 0.35360297189394985 0.010503101348876952 0.022541353168929162
1 0.4636991500854492 0.3216247222126516 0.019118499755859376 0.04282709729448043
1 0.35253152847290037 0.1295439100843806 0.018584060668945312 0.03995517280687965
1 0.48703645070393875 0.3162098036054214 0.015529441833496093 0.03457675248285901
1 0.5118303298950195 0.2672514321391348 0.0216705322265625 0.044126836572750135
1 0.19619088967641193 0.07121699963015521 0.00798646608988444 0.018788549051000896
1 0.5126307964324951 0.26220087389961755 0.017510128021240235 0.037976922116179715
1 0.7075141588846843 0.40293266859969334 0.0185580571492513 0.0459948017158214
1 0.49446051915486655 0.30491276481317187 0.01915874481201172 0.044300689192564774
1 0.9475263595581055 0.028699246104786125 0.012514114379882812 0.02775925338728294
1 0.08021386861801147 0.15939248620215166 0.009740662574768067 0.020948786456897742
1 0.3917073726654053 0.24464278552340307 0.021532154083251952 0.046719350257545485
1 0.7014463106791179 0.3924011264115473 0.025316174825032553 0.05148927800053404
1 0.027954527735710145 0.39658232061182125 0.010606712102890015 0.02331637179575524
1 0.34959143002827964 0.211089414956157 0.014996560414632161 0.03703373716579383
1 0.3768220742543539 0.4003469683763868 0.010264937082926433 0.021461596168257303
1 0.4902778625488281 0.23566268533961118 0.012961387634277344 0.027582153858660075
1 0.5463321367899576 0.2894069246840976 0.01808795928955078 0.03956501381399876
1 0.4313561757405599 0.29307084257048044 0.017580413818359376 0.03410786856889988
1 0.3559723377227783 0.1775660236194615 0.01672983169555664 0.03507610350485805
1 0.09699652194976807 0.2731224404937509 0.010381698608398438 0.02159801680828797
1 0.9092043558756511 0.195315814202255 0.009307098388671876 0.017438726624948317
1 0.8040691057840984 0.21117587021193668 0.010645866394042969 0.0240656506791793
1 0.1719133138656616 0.09907774835857826 0.009467172622680663 0.02246807060536108
1 0.36924405097961427 0.4486480679243902 0.011362361907958984 0.024760623751033627
1 0.3354277928670248 0.1560667473268351 0.018753814697265624 0.03900246583377119
1 0.3129155953725179 0.46125544471278085 0.011141300201416016 0.026612169293085033
1 0.18348987389586238 0.8214783821478383 0.011200459088795895 0.022315202231520316
1 0.22269148070664804 0.603905160390516 0.00790620641562061 0.019525801952580225
1 0.2760583740120874 0.6652719665271967 0.011859309623430932 0.025104602510460268
1 0.17228941480706644 0.5244072524407253 0.009882758019525787 0.022315202231520174
1 0.12485217631334265 0.3863319386331938 0.011200459088795913 0.022315202231520174
1 0.12419332577870758 0.2615062761506276 0.009882758019525787 0.020920502092050198
1 0.0984981549279405 0.25871687587168757 0.009882758019525806 0.020920502092050198
1 0.2240091817759182 0.12064156206415622 0.010541608554160824 0.02370990237099024
1 0.20885561947931194 0.02510460251046025 0.011859309623430932 0.025104602510460254
1 0.15944182938168294 0.02370990237099024 0.007906206415620627 0.01673640167364017
1 0.8255397198977219 0.4728033472803347 0.010541608554160859 0.022315202231520247
1 0.9517095972803347 0.6834030683403068 0.012518160158065967 0.025104602510460268
1 0.9520390225476523 0.4741980474198047 0.010541608554160859 0.022315202231520247
1 0.9760870670618317 0.46931659693165967 0.011200459088795895 0.023709902370990223
1 0.9243673000929801 0.24755927475592748 0.010541608554160859 0.020920502092050198
1 0.8940601754997676 0.10529986052998605 0.009223907484890787 0.02092050209205022
1 0.9273321274988378 0.025801952580195256 0.01383586122733618 0.029288702928870293
1 0.5267510024407253 0.7789400278940027 0.009882758019525753 0.02092050209205013
1 0.5102797390748489 0.7740585774058577 0.009882758019525753 0.022315202231520174
1 0.517197669688517 0.7831241283124128 0.009223907484890787 0.018131101813110177
1 0.4358296286610879 0.21896792189679218 0.01383586122733618 0.030683403068340276
1 0.7010169688516968 0.07252440725244072 0.011859309623430932 0.02510460251046025
1 0.5959303085774059 0.1610878661087866 0.011200459088795895 0.01813110181311016
