2 0.9883202491611272 0.2519662559740275 0.023359501677741576 0.23615008516981248
2 0.04674600029701076 0.7676237849645406 0.09349200059402152 0.28507556787905475
2 0.372596032050862 0.49999999999999895 0.06505520393658817 0.9999999999999979
2 0.5229359219762562 0.500474469270043 0.18477788266333106 0.999051061459911
2 0.23666536467732346 0.40119917089731916 0.031265708093363175 0.15804687735949194
1 0.899330979776848 0.909344490934449 0.009223907484890787 0.019525801952580225
1 0.9358971844490935 0.8577405857740587 0.011200459088795895 0.02510460251046041
1 0.9398502876569037 0.8270571827057183 0.00856505695025561 0.019525801952580083
1 0.9467682182705718 0.7489539748953975 0.009223907484890645 0.019525801952580083
1 0.9599452289632728 0.7566248256624826 0.006588505346350502 0.015341701534170226
1 0.961921780567178 0.698047419804742 0.010541608554160859 0.023709902370990223
1 0.978063618665737 0.6464435146443515 0.00724735588098568 0.020920502092050198
1 0.9250261506276151 0.7308228730822873 0.009223907484890787 0.019525801952580083
1 0.8983427039748955 0.7705718270571827 0.008565056950255752 0.018131101813110177
1 0.8996604050441656 0.797071129707113 0.008565056950255752 0.018131101813110177
1 0.8861539690841471 0.8193863319386331 0.007906206415620601 0.02092050209205026
1 0.8729769583914458 0.8744769874476986 0.009223907484890787 0.019525801952580225
1 0.7685491486517898 0.9393305439330544 0.01251816015806611 0.026499302649930313
1 0.6265668584379358 0.9379358437935843 0.007906206415620644 0.015341701534170084
1 0.654238580892608 0.8654114365411436 0.013177010692701004 0.029288702928870407
1 0.6558857072291957 0.7775453277545327 0.007247355880985538 0.015341701534170084
1 0.7207824848907485 0.691771269177127 0.011859309623430932 0.025104602510460268
1 0.8189512145513714 0.6450488145048814 0.009223907484890787 0.01813110181311025
1 0.8795654637377964 0.6834030683403068 0.007906206415620573 0.016736401673640273
1 0.8891187964900047 0.7322175732217573 0.008565056950255752 0.019525801952580225
1 0.8828597164109716 0.6213389121338913 0.009223907484890787 0.020920502092050198
1 0.886812819618782 0.5683403068340307 0.007906206415620716 0.018131101813110177
1 0.9184376452812646 0.5871687587168758 0.009223907484890645 0.019525801952580225
1 0.949403620409112 0.608786610878661 0.007906206415620573 0.018131101813110177
1 0.5990518139248674 0.4731886831859598 0.010196139361671257 0.020949069004328892
1 0.6573797288026634 0.473506093322389 0.0074971612953464726 0.01650532709431978
1 0.645234327504202 0.4512873837723433 0.008396820650788187 0.01777496764003665
1 0.6375872229829485 0.40970665590011485 0.006897388391718806 0.014600866275744409
1 0.6161453416782574 0.3995495315343796 0.009596366458043591 0.020949069004328892
1 0.6614281959021504 0.3963754301700875 0.010196139361671328 0.020949069004328892
1 0.6804709855923307 0.39097945785079063 0.009296480006229473 0.019044608185753445
1 0.7023626965747425 0.3979624808522335 0.008696707102601947 0.020314248731470457
1 0.7218553159426435 0.34558980834141145 0.015294209042506992 0.032375833915780985
1 0.7492949262836117 0.5090560286024622 0.010196139361671328 0.021583889277187324
1 0.8368617702132595 0.5014381853281609 0.008396820650788187 0.01777496764003658
1 0.8515562063521387 0.5258787658332111 0.011995458072554612 0.026027631187196292
1 0.8776463276599444 0.44239989995232504 0.00959636645804352 0.020314248731470384
1 0.8968390605760317 0.4427173100887542 0.008996593554415852 0.019679428458611953
1 0.9181309986548157 0.50588192723817 0.008996593554415852 0.019044608185753518
1 0.9335751509232297 0.46303155882022456 0.011095798717113041 0.02475799064147956
1 0.9635637961046157 0.3979624808522335 0.008696707102601947 0.01777496764003672
1 0.8827443973407801 0.3221014582456489 0.009596366458043378 0.019679428458611953
1 0.8818447379853386 0.3005175689684616 0.0071972748435325685 0.015870506821461242
1 0.8590533676474851 0.2960738270584525 0.007797047747160519 0.01714014736717811
1 0.8386610889241426 0.32146663797279046 0.00959636645804352 0.02094906900432882
1 0.84660807989721 0.34495498806855307 0.009896252909857423 0.02094906900432882
1 0.8206679018153108 0.35511211243428825 0.00959636645804366 0.01967942845861188
1 0.8115213650349881 0.298295698013457 0.011695571620740707 0.024123170368621095
1 0.7797334011427188 0.29480418651273554 0.012295344524368233 0.023488350095762625
1 0.783631925016299 0.3024220297870369 0.011695571620740707 0.024757990641479564
1 0.8218674476225664 0.24306633427477187 0.008396820650788044 0.017774967640036544
1 0.7590412359675623 0.2532234586405071 0.008096934198974282 0.017774967640036544
1 0.6023219384681405 0.33010654188639377 0.008696707102601947 0.01777496764003651
1 0.6101189862153008 0.28820840387773605 0.00869670710260209 0.019044608185753445
1 0.6835911669096969 0.25424551927980904 0.008096934198974282 0.017140147367178143
1 0.6987354327262969 0.2793209200577178 0.007197274843532711 0.015235686548602736
1 0.7740069321315761 0.20282507717827464 0.008396820650788187 0.01714014736717811
1 0.815091376030075 0.1856849298110965 0.008396820650788044 0.018409787912895048
1 0.7716078405170651 0.1523568654860279 0.008396820650787902 0.019044608185753466
1 0.7546642559895821 0.13013815593598216 0.007497161295346615 0.015235686548602771
1 0.7347218069439602 0.11617210993309625 0.008396820650788187 0.016505327094319674
1 0.7153791308019664 0.14537384248458493 0.008696707102601947 0.0190446081857535
1 0.6999349785335522 0.18663716022038415 0.007797047747160519 0.016505327094319674
1 0.5931754016878177 0.17648003585464894 0.008996593554415852 0.01777496764003658
1 0.6089194404080454 0.08347886588088611 0.008696707102601947 0.017140147367178143
1 0.6228641604173899 0.08125699492588156 0.006597501939904973 0.013966046002885877
1 0.6670974120599346 0.026979861596484103 0.008696707102601947 0.018409787912895038
1 0.8051951231202176 0.054911953602255884 0.0077970477471603775 0.015870506821461242
1 0.8444802483078335 0.03047137309720558 0.010795912265298852 0.025392810914337982
1 0.8536267850881561 0.08220922533516921 0.011095798717112757 0.02729727173291334
1 0.8252875153917464 0.007617843274301395 0.00959636645804366 0.01523568654860279
1 0.4502795073985128 0.04253295828151612 0.009296480006229615 0.020314248731470384
1 0.4612253628897187 0.040311087326511535 0.01199545807255447 0.026027631187196424
1 0.4517789396575821 0.10664980584021952 0.014094663235251374 0.03047137309720558
1 0.44863013191353657 0.16410104053390917 0.010795912265298994 0.020949069004328854
1 0.4645241138596712 0.14537384248458493 0.008396820650788044 0.01777496764003658
1 0.2818932647050297 0.045072239372949914 0.009596366458043591 0.020314248731470377
1 0.2466566066169009 0.046024469782237586 0.009296480006229721 0.01967942845861193
1 0.23795989951429897 0.08093958478945233 0.009896252909857423 0.01967942845861196
1 0.21186977820649303 0.08887483820018292 0.012295344524368304 0.024123170368621095
1 0.20947068659198215 0.14791312357601874 0.008096934198974247 0.01777496764003658
1 0.17063539108208708 0.20917327990685913 0.008996593554415852 0.02094906900432882
1 0.16118896784995043 0.2488495469605122 0.011095798717112864 0.022853529822904194
1 0.14439532654837423 0.2961436572884667 0.006297615488091069 0.018409787912895048
1 0.14904356655148907 0.29677847756132514 0.006597501939904937 0.01587050682146117
1 0.16793641301576234 0.3047137309720558 0.008396820650788115 0.016505327094319712
1 0.049781151001100976 0.2999525789256174 0.007797047747160395 0.017140147367178143
1 0.022191597434225736 0.19266795281253946 0.007797047747160393 0.015870506821461277
1 0.2818932647050297 0.2336138604119094 0.009596366458043591 0.020314248731470384
1 0.29523821181074644 0.19774651499540702 0.009896252909857423 0.02094906900432882
1 0.29088985825944547 0.28503430251344386 0.008996593554415852 0.019044608185753483
1 0.3042348053651623 0.28249502142201005 0.009296480006229686 0.019044608185753483
1 0.3279258350584574 0.28471689237701464 0.008696707102602019 0.018409787912895048
1 0.33302390473929294 0.24821472668765374 0.00809693419897421 0.01777496764003658
1 0.35791448023984346 0.3478815095264304 0.009296480006229615 0.020314248731470457
1 0.36346237959839983 0.36660870757575453 0.010795912265299065 0.02221870955004569
1 0.3334737344170138 0.36153014539288697 0.008396820650788115 0.018409787912895013
1 0.3097827047237187 0.3297891317499645 0.008396820650788044 0.017140147367178074
1 0.3249269705403187 0.43993044909090556 0.008696707102601947 0.01777496764003665
1 0.2598516104967108 0.45707059645808357 0.009296480006229686 0.019044608185753445
1 0.24365774209876231 0.42088584090515196 0.008696707102602019 0.021583889277187324
1 0.268098487921592 0.4811937668267048 0.00839682065078815 0.01777496764003658
1 0.307083726657394 0.5161088818339195 0.008996593554415852 0.019044608185753587
1 0.30513446472060385 0.5589592502518648 0.008096934198974282 0.018409787912895083
1 0.2907399150335386 0.6383117843591709 0.00809693419897421 0.015870506821461204
1 0.44278234610316625 0.9181081848012598 0.009896252909857423 0.021583889277187324
1 0.3045346918169761 0.9171559543919722 0.010496025813485126 0.02221870955004576
1 0.3012359408470237 0.8933501941597802 0.011095798717112864 0.02285352982290405
1 0.2973374169734435 0.8635136413354332 0.013494890331623743 0.029201732551488675
1 0.2787444569609841 0.7743213929988211 0.010496025813485197 0.0222187095500459
1 0.2857917885786099 0.6959210893008025 0.00719727484353264 0.015235686548602842
1 0.2234154066013267 0.6968733197100903 0.010196139361671257 0.02094906900432875
1 0.18967818077226725 0.7102045454401177 0.008096934198974247 0.017140147367178143
1 0.16628703753078608 0.7225835407608574 0.009896252909857423 0.020314248731470173
1 0.0038985238735801974 0.798127153231013 0.007797047747160395 0.021583889277187324
1 0.004048467099487128 0.8463734939682551 0.008096934198974256 0.02412317036862106
1 0.02354108646738812 0.8260592452367845 0.01109579871711287 0.021583889277187324
1 0.02743961034096831 0.8470083142411136 0.0050980696808356415 0.012696405457169107
1 0.032537680021803954 0.8622440007897163 0.011695571620740587 0.025392810914338072
1 0.05367967487468118 0.8895412725226296 0.010795912265299003 0.02412317036862106
1 0.06567513294723563 0.9803205715413879 0.011395685168926724 0.024123170368620918
1 0.08546763876695047 0.9768290600406664 0.012595230976182172 0.024757990641479495
1 0.16313822978674059 0.9231867469841276 0.012595230976182155 0.02666245146005494
1 0.19447636400128906 0.9117599820726754 0.011095798717112864 0.02412317036862106
1 0.20257329820026332 0.9035073185255158 0.011095798717112828 0.02666245146005494
1 0.22071642853500195 0.9101729313905292 0.012595230976182172 0.02602763118719636
