2 0.5156227154600956 0.6058610904103827 0.054782611123354655 0.25256930302997177
1 0.25793998430962345 0.9442119944211994 0.009882758019525824 0.022315202231520174
1 0.23817446827057182 0.9211994421199443 0.008565056950255681 0.018131101813110177
1 0.04809608902835891 0.19944211994421196 0.009223907484890752 0.019525801952580187
1 0.2849528562296606 0.608786610878661 0.009882758019525824 0.023709902370990292
1 0.3004358437935844 0.6276150627615062 0.009223907484890716 0.019525801952580295
1 0.30373009646675964 0.5006973500697349 0.010541608554160859 0.022315202231520174
1 0.35347331183170616 0.02649930264993026 0.008565056950255752 0.019525801952580194
1 0.4921613493723849 0.46164574616457466 0.009223907484890787 0.01673640167364013
1 0.4944673262436076 0.43793584379358436 0.007247355880985538 0.0167364016736402
1 0.49973813052068805 0.4198047419804742 0.011200459088795895 0.025104602510460195
1 0.5231273245002325 0.3542538354253836 0.013177010692701075 0.02789400278940029
1 0.5412457142026964 0.33542538354253837 0.01383586122733618 0.029288702928870335
1 0.5577169775685727 0.3200836820083682 0.011200459088795967 0.023709902370990184
1 0.5751765167364017 0.27615062761506276 0.011859309623431003 0.025104602510460195
1 0.5916477801022779 0.22803347280334726 0.013177010692701075 0.026499302649930244
1 0.6018599633891213 0.14504881450488147 0.011200459088795895 0.02231520223152023
1 0.7385714493258949 0.020223152022315203 0.011859309623430932 0.02649930264993026
1 0.6413909954672247 0.5167364016736401 0.012518160158065967 0.029288702928870335
1 0.7382420240585773 0.39609483960948394 0.012518160158065967 0.025104602510460268
1 0.783702710948396 0.35704323570432367 0.01251816015806611 0.02789400278940029
1 0.8080801807298932 0.33333333333333326 0.012518160158065967 0.02789400278940029
0 0.004941379009762901 0.022315202231520233 0.009882758019525801 0.044630404463040466
