1 0.0032942526731752674 0.7210599721059973 0.006588505346350535 0.022315202231520174
1 0.10640436134356115 0.5788005578800558 0.008565056950255698 0.022315202231520247
1 0.046119537424453745 0.1297071129707113 0.009223907484890752 0.019525801952580205
1 0.0714852830079033 0.1624825662482566 0.005929654811715475 0.012552301255230117
1 0.07115585774058578 0.28661087866108786 0.006588505346350519 0.015341701534170155
1 0.09948643072989308 0.0509065550906555 0.006588505346350537 0.015341701534170147
1 0.1317701069270107 0.08577405857740585 0.006588505346350537 0.015341701534170147
1 0.13012298059042307 0.100418410041841 0.011200459088795932 0.02231520223152023
1 0.12748757845188283 0.2796373779637378 0.0072473558809855905 0.015341701534170155
1 0.1640537831241283 0.36820083682008364 0.010541608554160824 0.022315202231520174
1 0.13967631334263134 0.4142259414225941 0.005270804277080429 0.011157601115760087
1 0.1390174628079963 0.4295676429567642 0.006588505346350519 0.01394700139470011
1 0.24706895048814506 0.28661087866108786 0.007906206415620644 0.018131101813110177
1 0.2217032049046955 0.44700139470013944 0.008565056950255716 0.02092050209205027
1 0.2691404433984193 0.5523012552301255 0.009882758019525824 0.022315202231520316
1 0.2757289487447699 0.5467224546722455 0.004611953742445358 0.011157601115760158
1 0.2391627440725244 0.6652719665271967 0.006588505346350502 0.016736401673640273
1 0.26683446652719667 0.8096234309623432 0.00790620641562061 0.018131101813110177
1 0.31624825662482564 0.7670850767085077 0.006588505346350537 0.016736401673640273
1 0.3551204381682938 0.8835425383542538 0.005270804277080429 0.012552301255230134
1 0.3594029666434217 0.895397489539749 0.008565056950255681 0.016736401673640273
1 0.41507583682008375 0.896792189679219 0.011859309623431003 0.025104602510460268
1 0.43319422652254763 0.7817294281729429 0.008565056950255752 0.02092050209205027
1 0.3587441161087866 0.7280334728033472 0.009882758019525824 0.022315202231520316
1 0.3818038848210134 0.7503486750348675 0.007247355880985538 0.013947001394700181
1 0.39860457345420736 0.7475592747559275 0.009223907484890787 0.019525801952580225
1 0.3524850360297536 0.6743375174337517 0.011859309623430932 0.026499302649930313
1 0.36006181717805674 0.6589958158995816 0.009882758019525824 0.02092050209205027
1 0.30801262494188747 0.601115760111576 0.011200459088795932 0.025104602510460268
1 0.3267898651789865 0.5913528591352859 0.009223907484890787 0.022315202231520316
1 0.32744871571362155 0.5174337517433751 0.011859309623430932 0.022315202231520104
1 0.2757289487447699 0.31241283124128316 0.007247355880985573 0.016736401673640166
1 0.30471837226871223 0.301952580195258 0.008565056950255681 0.018131101813110142
1 0.36105009298000934 0.12412831241283126 0.007906206415620644 0.016736401673640183
1 0.37850963214783817 0.061366806136680614 0.007247355880985609 0.016736401673640166
1 0.4835962924221292 0.04741980474198048 0.007906206415620644 0.01673640167364017
1 0.37093285099953505 0.26917712691771273 0.007906206415620644 0.016736401673640166
1 0.35808526557415155 0.4414225941422594 0.008565056950255752 0.018131101813110177
1 0.38905124070199903 0.4400278940027894 0.008565056950255681 0.018131101813110177
1 0.4338530770571827 0.6875871687587168 0.009882758019525824 0.022315202231520174
1 0.43780618026499296 0.6150627615062761 0.008565056950255681 0.019525801952580153
1 0.4453829614132961 0.5376569037656904 0.013177010692701075 0.029288702928870335
1 0.4490066393537889 0.38563458856345884 0.008565056950255681 0.018131101813110177
1 0.41441698628544854 0.3270571827057182 0.009223907484890716 0.020920502092050198
1 0.4262762959088796 0.2894002789400279 0.009223907484890787 0.020920502092050198
1 0.5013852568572758 0.3131101813110181 0.007906206415620644 0.018131101813110142
1 0.591647780102278 0.25313807531380755 0.007906206415620502 0.018131101813110177
1 0.6147075488145048 0.3298465829846583 0.007906206415620716 0.018131101813110177
1 0.6558857072291957 0.28591352859135283 0.007247355880985538 0.016736401673640166
1 0.7866675383542538 0.9616457461645745 0.009223907484890787 0.02092050209205027
1 0.726712139702464 0.8584379358437936 0.007906206415620716 0.02092050209205013
1 0.7669020223152022 0.8200836820083681 0.009223907484890787 0.022315202231520174
1 0.7543838621571362 0.7761506276150628 0.009223907484890787 0.02092050209205013
1 0.7790907572059507 0.7684797768479776 0.009882758019525824 0.022315202231520174
1 0.850576040213854 0.7796373779637378 0.009223907484890787 0.025104602510460268
1 0.8647413267085077 0.8814504881450489 0.008565056950255752 0.022315202231520174
1 0.7333006450488145 0.7078103207810321 0.005270804277080429 0.012552301255230134
1 0.9556627004881452 0.6576011157601116 0.009882758019525824 0.023709902370990223
1 0.8476112128079962 0.5878661087866108 0.00856505695025561 0.018131101813110177
1 0.9246967253602975 0.5174337517433751 0.00724735588098568 0.01673640167364006
1 0.8489289138772663 0.4170153417015342 0.00856505695025561 0.019525801952580153
1 0.8028093764528126 0.4211994421199442 0.013835861227336039 0.03068340306834024
1 0.8182923640167364 0.4504881450488145 0.009223907484890787 0.022315202231520174
1 0.8248808693630869 0.5362622036262205 0.007906206415620573 0.018131101813110177
1 0.7919383426313342 0.4839609483960949 0.007906206415620716 0.0167364016736402
1 0.7468070810088331 0.5439330543933054 0.007247355880985538 0.0167364016736402
1 0.7392302998605299 0.592747559274756 0.009223907484890787 0.019525801952580295
1 0.7168293816829382 0.4497907949790795 0.006588505346350644 0.015341701534170155
1 0.7682197233844724 0.405857740585774 0.009223907484890645 0.019525801952580153
1 0.7372537482566248 0.3200836820083681 0.009223907484890787 0.020920502092050198
1 0.7820555846118085 0.3270571827057182 0.009223907484890787 0.020920502092050198
1 0.8308105241748024 0.301255230125523 0.013177010692701146 0.030683403068340276
1 0.8041270775220828 0.23221757322175735 0.009882758019525682 0.020920502092050236
1 0.7774436308693631 0.18061366806136683 0.011859309623430932 0.02649930264993028
1 0.7062877731287773 0.07601115760111576 0.009223907484890787 0.02092050209205022
1 0.7277004155044164 0.009065550906555092 0.008565056950255752 0.012552301255230125
1 0.7570192642956763 0.03695955369595537 0.006588505346350502 0.015341701534170155
1 0.8215866166899116 0.0509065550906555 0.009223907484890645 0.018131101813110177
1 0.8515643160158066 0.0509065550906555 0.009882758019525682 0.023709902370990233
1 0.9049312093212458 0.06485355648535565 0.012518160158065967 0.02649930264993026
1 0.9052606345885633 0.03347280334728034 0.006588505346350502 0.013947001394700145
1 0.9602746542305904 0.13598326359832635 0.007247355880985538 0.018131101813110177
2 0.517197669688517 0.4079497907949791 0.06061424918642487 0.24407252440725247
2 0.7738199529288704 0.6708507670850767 0.07313240934449099 0.06973500697350069
