2 0.8808581875402498 0.7438410289905107 0.23828362491949903 0.5123179420189787
2 0.5576660063587084 0.3944510256880113 0.14067457253186966 0.2615880198796621
1 0.23732335567474366 0.8969724207229361 0.009577226638793946 0.019480443447664003
1 0.5219429969787598 0.32808561651025875 0.011071014404296874 0.023885775295875825
2 0.8081985308258329 0.08515830287071152 0.07474548813355734 0.055543788081361525
1 0.21722512245178222 0.9095300844775014 0.008787727355957032 0.01930823951729603
1 0.6159944852193198 0.6413303362626618 0.010649172465006511 0.02365573264798098
1 0.08233630259831745 0.140946616411472 0.010215353965759278 0.02267408108106653
1 0.6517285833797694 0.3299926118524755 0.014093432832129917 0.03105246008691083
1 0.2692245960235596 0.5555931688537934 0.010581493377685547 0.022331397614904908
1 0.27218279838562015 0.11246680582502842 0.009698772430419922 0.021763407277167173
1 0.744776757558187 0.16080576634853916 0.009776496887207031 0.020628738823904355
1 0.5719223340352376 0.25250062448318633 0.014319801330566406 0.03232962241377825
1 0.9116806666056314 0.9598703605206036 0.013534164428710938 0.02909136081346472
1 0.1914844036102295 0.1520447946567388 0.012910079956054688 0.02615404391893347
1 0.29187029202779136 0.22041622780123776 0.01044314702351888 0.023328131325584
1 0.6411986331061839 0.42093110846842263 0.007530848185221355 0.015271440230498897
1 0.7801119168599447 0.6856710650560744 0.014594586690266927 0.030397190148670067
1 0.39081673622131347 0.9637569608341373 0.012006664276123047 0.026730168352053472
1 0.23877911567687987 0.16152854843728467 0.012573051452636718 0.02658865023342751
1 0.4214043617248535 0.8452523934933158 0.013966751098632813 0.028201068512265712
1 0.03549880981445312 0.5573548608210015 0.010852289199829102 0.02271170652951006
1 0.1306144913037618 0.9814485425854466 0.008991614977518717 0.01931994857703969
1 0.1409340778986613 0.07273396005178366 0.011252927780151366 0.025232455959130807
1 0.8268030166625977 0.4712924810070976 0.012221527099609376 0.026378089038382027
1 0.5476375261942545 0.28157605357312054 0.00980548858642578 0.02112122591432952
1 0.29063170088107837 0.9496582631165915 0.010475063323974609 0.02248825863940188
1 0.15982848008473716 0.43872272192840406 0.009412018458048503 0.01930359626946665
1 0.8061378479003907 0.13732826460025538 0.009902191162109376 0.019897418879095748
1 0.06396958629290263 0.07398783253729672 0.012560625871022545 0.027492317107178543
1 0.16643089453379312 0.9598841556771983 0.008901166915893554 0.01900784157076902
1 0.28218260738030526 0.529382469472171 0.015297317504882812 0.02938459200790725
1 0.69792779087189 0.8510598614068694 0.010055732727050782 0.021726362234702316
1 0.10829314788182577 0.9407351422627991 0.010403180122375488 0.02239864338378429
1 0.18480757496513248 0.9246861924686192 0.009882758019525787 0.022315202231520316
1 0.1604301051836355 0.9372384937238494 0.008565056950255681 0.019525801952580083
1 0.10212183286843328 0.9672245467224547 0.007906206415620627 0.018131101813110177
1 0.42429974430497447 0.9539748953974896 0.014494711761971217 0.03068340306834031
1 0.38476871222687126 0.9825662482566248 0.007906206415620573 0.018131101813110177
1 0.6875105328916782 0.8472803347280333 0.00856505695025561 0.02092050209205013
1 0.7372537482566248 0.6199442119944212 0.010541608554160859 0.023709902370990223
1 0.20160826359832637 0.3138075313807531 0.013177010692701075 0.027894002789400324
1 0.28067032775453277 0.18200836820083682 0.009223907484890752 0.020920502092050198
1 0.17953677068805202 0.047419804741980466 0.009882758019525787 0.022315202231520222
1 0.0283305729893073 0.04881450488145049 0.011859309623430963 0.025104602510460254
1 0.061931950255695034 0.01115760111576011 0.011859309623430967 0.02231520223152022
1 0.23092711238958621 0.005578800557880056 0.008565056950255716 0.011157601115760111
1 0.7893029404927941 0.7712691771269178 0.010541608554160859 0.022315202231520174
1 0.7563604137610414 0.0801952580195258 0.009223907484890787 0.02092050209205021
1 0.9816872966062298 0.36541143654114366 0.010541608554160859 0.022315202231520174
1 0.1492296460948396 0.5202231520223153 0.012518160158066003 0.025104602510460195
1 0.6558857072291957 0.33263598326359833 0.011200459088796038 0.0292887029288703
