2 0.9537122406775524 0.17192907861406262 0.09257551864489233 0.1359186907495553
1 0.7182718276977539 0.12109335465100005 0.012864303588867188 0.029538021066617282
1 0.6029324531555177 0.4673129484435295 0.011649513244628906 0.024775361015883412
2 0.6549217164267058 0.6488737921584641 0.3383267680637681 0.3493078120884685
2 0.25349625246517077 0.9606320074843542 0.08137505955609678 0.0787359850312856
2 0.007415577778978189 0.9773684091579963 0.014831155557956378 0.04526318168400473
1 0.06014206313849416 0.01604490799532345 0.008897729888982707 0.019532931472567676
1 0.08732957113260795 0.12382483344217007 0.010545457646201708 0.023020954949811916
1 0.04350001279058208 0.2452080504502692 0.009886366543314113 0.021625745558914212
1 0.1179773074168817 0.18800446542346386 0.009886366543314101 0.020230536168016542
1 0.1820739171727015 0.17928440673035329 0.010215912094757904 0.022323350254363064
1 0.18223868994842338 0.11754639118313047 0.008568184337538937 0.01744011738622115
1 0.1817443716212577 0.008022453997661725 0.008238638786095044 0.01604490799532345
1 0.26676712389375906 0.008022453997661725 0.010875003197645512 0.01604490799532345
1 0.25902280343482964 0.12766165926713874 0.011204548749089334 0.023718559645260734
1 0.26198871339782387 0.19846853585519658 0.013840913160639729 0.028601792513402627
1 0.3038409984311869 0.19009727950981042 0.013181822057752122 0.027206583122504995
1 0.315539865507442 0.19114368655298372 0.008897729888982688 0.01953293147256769
1 0.29988645181386125 0.14300896256701334 0.01054545764620169 0.022323350254363047
1 0.33465350749118256 0.2493936786229623 0.008238638786095081 0.018835326777118837
1 0.3697501087199476 0.049181131029143614 0.00725000213176358 0.016044907995323435
1 0.37502283754304855 0.054413166245009956 0.00922727544042651 0.01953293147256768
1 0.39446602507823303 0.09940866910146048 0.0138409131606398 0.028601792513402665
1 0.41621603147352393 0.0872005869311057 0.009227275440426438 0.020928140863465367
1 0.426102398016838 0.09696705266738953 0.009886366543314082 0.018137722081669985
1 0.5152444696823869 0.23788320114805633 0.01021591209475794 0.02371855964526077
1 0.5658297118290107 0.2982260073043814 0.007250002131763721 0.01604490799532343
1 0.5651706207261232 0.31601492703832706 0.011204548749089369 0.02371855964526077
1 0.5676422123619517 0.4115867703148189 0.011534094300533084 0.026508978427056178
1 0.592358128720237 0.42274844544200035 0.009556820991870368 0.02092814086346536
1 0.6264660932946707 0.45867508725761597 0.014500004263527372 0.029997001904300335
1 0.58741494544858 0.12312722874672125 0.010875003197645583 0.02302095494981188
1 0.5630285746417384 0.1485898001306041 0.009556820991870368 0.020928140863465342
1 0.6940229313406505 0.30799247304066535 0.011863639851977012 0.02720658312250496
1 0.6773808809927382 0.38228737310596744 0.010215912094757584 0.022323350254363064
1 0.6917161124805438 0.440537365175946 0.00922727544042658 0.021625745558914177
1 0.7078638445012903 0.47158077412341953 0.013840913160639588 0.03069460659974915
1 0.7386763535612857 0.3170613340815003 0.008897729888982582 0.018835326777118803
1 0.7523524939462035 0.354731987635738 0.008568184337538866 0.018835326777118837
1 0.7773979558559327 0.3693816862401637 0.009227275440426438 0.020230536168016542
1 0.8123297843089758 0.36345204632884853 0.00856818433753915 0.01813772208166995
1 0.8764204182085734 0.4321661088305598 0.010545457646201725 0.021625745558914247
1 0.7999658502736111 0.3020628331293501 0.015159095366414875 0.03208981599064689
1 0.8696647344039755 0.23648799175715865 0.008897729888982724 0.018137722081669985
1 0.8304488137821631 0.1594026729100612 0.008897729888982867 0.01883532677711882
1 0.8352272242780981 0.12801046161486318 0.009886366543314153 0.020230536168016542
1 0.04216643421664342 0.7622036262203626 0.01317701069270107 0.026499302649930313
1 0.052630072293332664 0.8060624066417436 0.011695571620740601 0.024757990641479637
1 0.08381826328197423 0.7767654510493261 0.01091586684602456 0.022282191577331644
1 0.10428551361827029 0.8114266379473974 0.011305719233382572 0.02723378970562763
1 0.19122259599910868 0.9694651448755086 0.009746309683950507 0.019806392513183654
1 0.18225599108987425 0.7140452080909114 0.0159839478816788 0.03218538783392333
1 0.24307296351772537 0.7742896519851782 0.011305719233382553 0.023932724286763404
1 0.2785495307673051 0.7161083739777012 0.011305719233382519 0.023107457932047593
1 0.3826401181918964 0.6880493179173578 0.010526014458666567 0.021456925222615553
1 0.4128536782121429 0.680621920724914 0.010915866846024613 0.024757990641479495
1 0.42649851176967357 0.6934135492230118 0.013254981170172684 0.027233789705627346
1 0.4362448214536241 0.9372797570415853 0.015594095494320755 0.03466118689807118
1 0.42357461886448844 0.9872083715019022 0.01520424310696285 0.025583256996195586
1 0.5637265521196967 0.9508966518943986 0.013254981170172613 0.027233789705627346
1 0.5832191714875976 0.9814315070188903 0.010915866846024542 0.023932724286763546
1 0.6411122510102635 0.9133470327548215 0.013644833557530732 0.029709588769775478
1 0.9115035080697296 0.9863831051471861 0.010915866846024755 0.025583256996195586
1 0.9146223271685936 0.8535152220379127 0.010136162071308377 0.022282191577331502
1 0.9592604255210869 0.8646563178265785 0.010526014458666282 0.021456925222615268
1 0.9875247236045434 0.8469130912001848 0.009356457296592709 0.020631658867899604
1 0.9031216817415322 0.8225677337360634 0.010526014458666424 0.024757990641479495
1 0.8471778641556562 0.7548958926493526 0.008576752521876613 0.019806392513183512
1 0.8534155023533847 0.7577843248908585 0.0062376381977283304 0.014029528030171719
1 0.8888920696029645 0.680209287547556 0.01091586684602447 0.023932724286763546
1 0.8543901333217798 0.6282175072004489 0.014424538332246897 0.03053485512449157
1 0.8473727903493352 0.5527056357439363 0.008966604909234519 0.021456925222615553
1 0.8760269408201498 0.5601330329363802 0.00857675252187633 0.018155859803751683
1 0.881095021855804 0.6129500796382032 0.010915866846024755 0.023107457932047524
1 0.9401576585405439 0.6422470352306207 0.013644833557530801 0.028884322415059602
1 0.9857703878614323 0.7132199417361953 0.008186900134518567 0.017330593449035803
1 0.9867450188298272 0.7313758015399469 0.014034685944888707 0.02723378970562763
1 0.4898495247153518 0.6457709225652579 0.012085424008098542 0.025583256996195375
1 0.5469628994633018 0.7196322613123385 0.012475276395456661 0.026408523350911393
