2 0.48571964799942163 0.1868698746787412 0.05729563303849481 0.36759292198778404
2 0.27575279971379457 0.26531427250938877 0.4759349021840684 0.5306285450187775
1 0.1472934087117513 0.059101087912966435 0.01079909006754557 0.02435274975828194
2 0.1341198258874361 0.6994774790605844 0.2672549353594669 0.43594935752767006
1 0.1940106948216756 0.16392140246541653 0.009585301081339518 0.01945652062732566
1 0.5111328125 0.3982178541896361 0.01329631805419922 0.028299384238044376
1 0.7921217918395996 0.3349025772582604 0.010983467102050781 0.022529341288674887
1 0.2591081619262695 0.19058131645900808 0.007942676544189453 0.016836719449851847
1 0.7540362358093262 0.4036815437224366 0.01347942352294922 0.028087409880616043
1 0.08068470557530721 0.11811595609721696 0.007145031293233236 0.015384896981808161
1 0.20641448497772216 0.1454000798975094 0.009898138046264649 0.02095466622181212
1 0.4545669396718343 0.8898572490654285 0.008531475067138672 0.018578643967061742
1 0.5282257874806722 0.6716664239616351 0.009885120391845702 0.022404478298132576
1 0.10418247779210409 0.32318044576255855 0.0084487517674764 0.017734178503135335
1 0.538981024424235 0.5196200100563327 0.007910728454589844 0.018274814054747793
1 0.31701914469401044 0.6677530072095508 0.00898914337158203 0.02001643575144708
1 0.344518788655599 0.19866775966926079 0.01008777618408203 0.022357288768562224
1 0.342019240061442 0.8374529484219956 0.008562660217285157 0.0188725817426957
1 0.353659995396932 0.7526686562198526 0.01286764144897461 0.027357612450041344
1 0.31613453229268396 0.1872341488267253 0.0084226926167806 0.019621103574843233
1 0.23132433891296386 0.2150701419784058 0.009551143646240235 0.01833012926801957
1 0.3028037707010905 0.5568293662949197 0.009812545776367188 0.021712129670703555
1 0.4980210145314535 0.5678582911717458 0.009828472137451172 0.020294391333465403
1 0.47629947662353517 0.8488385958603226 0.011486434936523437 0.024267228199076625
1 0.323051929473877 0.7276723371713927 0.009961318969726563 0.020332782244866322
1 0.41847987174987794 0.6392583373888852 0.008306407928466797 0.016165366377825247
1 0.4233114685030219 0.6617852161785217 0.007247355880985609 0.015341701534170084
1 0.388392390167364 0.8668061366806137 0.008565056950255752 0.018131101813110177
1 0.24970435262668528 0.1499302649930265 0.011859309623431003 0.02370990237099024
1 0.23455079033007906 0.18688981868898188 0.007906206415620644 0.016736401673640166
