2 0.42151982816415084 0.5893759778591893 0.1849292920501439 0.22890884867206707
1 0.05600229544397955 0.896792189679219 0.01054160855416085 0.022315202231520174
1 0.12024022257089725 0.8535564853556485 0.009882758019525806 0.019525801952580083
1 0.15252389876801487 0.8305439330543933 0.011200459088795878 0.023709902370990223
1 0.18414872443049746 0.8012552301255229 0.011200459088795895 0.023709902370990223
1 0.21775010169688516 0.7845188284518828 0.012518160158066038 0.026499302649930313
1 0.2747406729428173 0.7398884239888424 0.009223907484890752 0.018131101813110177
1 0.1587829788470479 0.6297071129707112 0.013177010692701092 0.029288702928870265
1 0.18052504649000461 0.6178521617852162 0.011859309623430967 0.025104602510460195
1 0.013506435960018597 0.08437935843793584 0.009882758019525803 0.020920502092050198
1 0.06259080079033008 0.02370990237099024 0.011859309623430967 0.02510460251046025
1 0.22960941132031615 0.006276150627615063 0.009882758019525787 0.012552301255230125
1 0.26716389179451416 0.009065550906555088 0.011200459088795895 0.018131101813110177
1 0.34062572640632266 0.07252440725244072 0.011859309623431003 0.02510460251046025
1 0.3949808955137145 0.1192468619246862 0.011200459088795967 0.02649930264993028
1 0.41342871048349605 0.1297071129707113 0.009882758019525753 0.025104602510460268
1 0.47634893654114363 0.20502092050209206 0.009223907484890716 0.019525801952580187
1 0.5336689330543932 0.25801952580195253 0.010541608554160859 0.022315202231520212
1 0.5659526092515109 0.2873082287308229 0.011859309623431003 0.027894002789400324
1 0.6196489278242677 0.36331938633193867 0.012518160158066038 0.02649930264993017
1 0.640402719665272 0.3919107391910739 0.011859309623431003 0.025104602510460268
1 0.7326417945141794 0.8905160390516039 0.011859309623430932 0.026499302649930313
1 0.7303358176429567 0.9658298465829845 0.00856505695025561 0.02092050209205013
1 0.872318107856811 0.6778242677824267 0.009223907484890645 0.022315202231520316
1 0.8772594868665737 0.4909344490934449 0.012518160158065967 0.025104602510460268
1 0.8772594868665737 0.41352859135285913 0.009882758019525824 0.026499302649930244
1 0.8654001772431428 0.2754532775453278 0.009882758019525824 0.020920502092050198
1 0.873635808926081 0.20432357043235705 0.011859309623430932 0.02649930264993028
1 0.8568351202928871 0.15550906555090654 0.01251816015806611 0.029288702928870265
1 0.8601293729660623 0.0885634588563459 0.01383586122733618 0.0292887029288703
1 0.8166452376801487 0.10599721059972105 0.009882758019525824 0.02231520223152023
1 0.7804084582752208 0.22733612273361228 0.009882758019525824 0.022315202231520247
1 0.7738199529288701 0.2796373779637378 0.011200459088795895 0.023709902370990223
